0.980
0.148
0.992
0.068
1.000
0.096
0.992
0.076
0.965
0.879
0.007
0.107
0.119
0.652
0.008
0.934
0.730
0.120
0.013
0.934
0.029
0.992
0.992
0.992
0.018
0.001
0.938
0.992
0.992
0.996
1.000
0.005
0.973
1.000
1.000
0.934
0.011
0.953
0.652
0.005
0.005
0.988
0.996
0.980
0.107
0.594
0.068
0.011
0.015
0.922
0.320
0.009
0.680
0.816
0.977
0.988
0.980
0.988
0.984
0.836
1.000
0.730
0.017
0.006
0.969
0.980
0.060
0.048
0.183
0.106
0.023
0.977
0.797
0.926
0.965
0.028
0.017
0.224
0.980
0.013
0.469
0.134
0.879
0.042
0.527
0.816
1.000
0.996
0.992
0.926
1.000
0.926
0.980
0.906
0.003
0.988
0.042
0.992
0.006
0.060
0.988
0.531
0.996
0.119
0.973
0.096
0.005
0.730
0.934
0.949
0.223
0.926
0.973
0.953
0.754
0.957
0.988
0.980
0.015
0.096
0.926
0.992
0.120
0.469
0.977
0.973
0.010
0.977
0.001
0.003
0.953
0.957
0.945
0.988
0.867
0.949
0.953
0.594
0.500
0.011
0.377
0.076
1.000
0.012
0.992
0.926
0.246
0.562
0.980
0.379
0.133
0.004
0.438
0.010
0.992
0.038
0.992
1.000
0.938
0.008
0.006
0.013
0.060
0.029
1.000
1.000
0.707
0.438
0.965
0.832
0.133
0.953
0.934
0.017
0.777
0.020
0.852
0.988
0.895
1.000
0.005
0.855
0.223
0.223
0.957
0.984
0.408
0.164
0.012
0.016
0.977
0.984
0.038
0.957
0.011
0.992
0.988
0.018
0.408
0.797
0.020
0.500
0.469
0.984
0.988
0.988
0.406
0.922
0.953
0.202
0.005
0.183
0.002
0.984
0.202
0.202
0.096
0.957
0.042
0.010
0.945
0.245
0.348
0.621
0.026
0.992
0.949
0.984
0.992
0.996
0.500
0.906
0.797
0.085
0.973
0.377
0.060
0.730
0.060
