0.926
0.023
0.018
1.000
0.652
0.008
0.001
0.201
0.965
0.957
0.033
0.992
0.562
0.008
0.076
0.652
0.042
0.033
0.011
0.012
0.467
0.244
0.020
0.000
0.961
0.012
0.183
0.797
0.992
0.076
0.992
0.707
0.797
0.015
0.015
0.013
0.969
0.953
0.961
0.996
0.996
0.988
1.000
0.085
0.033
0.754
1.000
0.005
0.019
0.048
0.010
0.992
0.980
0.096
0.953
0.120
0.012
0.223
1.000
0.023
0.033
0.009
0.018
0.007
0.988
0.941
0.992
0.010
0.107
0.010
0.048
0.953
0.048
0.949
0.992
0.017
0.042
0.053
0.992
0.011
1.000
0.984
0.730
0.730
0.201
0.934
0.001
0.000
0.988
0.707
1.000
0.961
0.120
0.867
0.085
0.996
0.957
0.863
0.295
0.754
0.015
0.961
0.777
0.085
0.984
0.013
0.867
0.107
0.816
0.992
0.076
0.707
0.996
0.652
0.961
0.969
0.015
0.320
0.011
0.965
0.992
0.992
0.965
0.945
0.754
0.797
0.996
0.984
0.029
0.010
0.797
0.016
0.879
0.992
0.060
0.148
0.984
0.730
0.953
0.022
0.023
0.020
0.015
0.001
0.004
0.224
0.003
0.855
1.000
0.754
0.026
0.001
0.020
0.977
0.777
0.005
0.023
0.012
0.531
0.085
0.060
0.023
0.350
0.023
1.000
1.000
0.918
0.085
0.245
0.941
0.018
0.977
0.992
0.042
0.895
0.293
0.980
0.977
0.980
0.973
0.680
0.013
0.037
0.037
0.005
0.048
0.934
0.992
0.005
0.816
0.076
0.016
0.006
0.977
0.945
0.148
0.004
0.625
0.008
0.863
0.009
0.011
0.268
0.945
0.000
0.019
0.957
0.590
0.965
0.023
0.224
0.996
0.758
0.961
0.953
0.165
0.005
0.020
0.085
0.134
0.816
0.500
0.777
0.024
0.004
0.992
0.879
0.977
0.001
0.012
0.969
0.037
0.816
0.085
0.965
0.910
0.754
0.019
0.926
