0.953
0.996
0.879
0.107
0.992
0.926
1.000
0.941
0.988
0.816
0.003
0.992
0.048
0.801
0.182
0.945
0.183
0.867
0.320
0.202
0.164
0.652
0.379
0.992
0.965
0.026
0.980
0.973
0.984
1.000
1.000
0.001
0.980
0.992
0.992
0.009
0.855
0.120
0.703
0.992
0.992
0.980
0.996
0.977
0.965
0.992
0.107
0.910
0.977
0.024
0.001
0.053
0.988
0.980
0.621
0.996
0.996
0.992
0.801
0.984
0.949
0.980
0.992
1.000
1.000
0.949
0.992
0.977
0.996
0.053
0.996
0.918
0.992
0.934
0.988
0.992
0.379
0.202
1.000
0.320
0.029
0.836
0.076
0.832
0.133
0.965
1.000
0.973
1.000
0.984
1.000
0.133
0.984
0.855
0.652
0.988
0.797
0.992
0.984
0.949
0.068
0.918
0.026
0.996
0.996
0.926
0.914
0.980
0.183
0.980
0.408
0.984
1.000
0.945
0.992
1.000
0.068
0.988
0.977
0.408
1.000
1.000
0.680
0.029
0.992
0.014
1.000
0.918
0.965
0.038
0.222
0.969
0.992
0.996
0.984
0.879
0.953
0.026
0.906
0.033
0.164
0.531
0.992
0.992
0.996
0.926
0.042
0.961
1.000
0.060
0.680
0.022
0.068
0.953
0.969
0.801
0.992
1.000
0.977
0.001
0.003
0.013
0.895
0.013
1.000
1.000
0.777
0.969
0.855
0.594
0.980
0.107
0.730
0.133
0.020
0.377
0.003
0.977
0.268
0.992
0.977
0.004
0.797
0.797
0.961
0.010
0.984
0.953
0.992
0.977
0.408
1.000
0.969
0.977
1.000
0.941
1.000
0.816
0.202
0.224
0.969
0.024
0.996
0.996
0.988
0.992
1.000
0.992
1.000
0.120
0.010
0.594
0.007
0.730
0.973
0.010
0.011
0.202
0.011
0.020
0.095
0.023
0.730
0.949
0.053
0.992
0.879
0.734
0.996
0.992
0.984
0.984
0.984
0.562
0.957
0.467
0.945
0.133
0.076
