0.9923349618911743
0.5800135731697083
0.9954853653907776
0.8595921397209167
0.9236511588096619
0.8207002282142639
0.9496321082115173
0.9833776354789734
0.9984962344169617
0.9987613558769226
0.971470832824707
0.7213097810745239
0.844441831111908
0.8079562783241272
0.9945560693740845
0.8433662056922913
0.5500107407569885
0.9887266159057617
0.2995712161064148
0.9984675049781799
0.8733604550361633
0.27122530341148376
0.9811797142028809
0.9987302422523499
0.6674559116363525
0.7337673902511597
0.7305722832679749
0.7336059808731079
0.5671566724777222
0.9868963360786438
0.4500176012516022
0.9913278222084045
0.15305277705192566
0.9909353852272034
0.9687150120735168
0.17024676501750946
0.9908482432365417
0.9780917167663574
0.30568844079971313
0.777982234954834
0.9084495902061462
0.8321332931518555
0.9991628527641296
0.7878206372261047
0.9066987633705139
0.6561484932899475
0.08303457498550415
0.9968264102935791
0.9871417880058289
0.934583306312561
0.9000963568687439
0.9948447346687317
0.9591827988624573
0.9926556348800659
0.9870622158050537
0.9794284701347351
0.15316878259181976
0.995542585849762
0.6539103984832764
0.9533239006996155
0.14726486802101135
0.9675031900405884
0.9967936873435974
0.10777393728494644
0.011470328085124493
0.9987834692001343
0.9865625500679016
0.9469854831695557
0.9946928024291992
0.9791113138198853
0.8377768397331238
0.12407094985246658
0.7551435828208923
0.9922818541526794
0.9365729093551636
0.8586614727973938
0.9955924153327942
0.9939363598823547
0.6232084631919861
0.9818731546401978
0.999527633190155
0.7744064927101135
0.8307623267173767
0.9904028177261353
0.48454156517982483
0.9975313544273376
0.9656029939651489
0.9909200668334961
0.9978439211845398
0.9969976544380188
0.7687219977378845
0.37068045139312744
0.9779110550880432
0.10281293839216232
0.6263052225112915
0.12477410584688187
0.939247727394104
0.8641743659973145
0.9468405842781067
0.997602641582489
0.08051978051662445
0.8391597270965576
0.49330276250839233
0.7074605226516724
0.07946715503931046
0.8045069575309753
0.48823386430740356
0.9842892289161682
0.016442345455288887
0.15809868276119232
0.09344934672117233
0.9698479771614075
0.7236658930778503
0.9951832890510559
0.9960027933120728
0.9423837065696716
0.9941555857658386
0.9958821535110474
0.9858732223510742
0.3810562491416931
0.6550453901290894
0.5805517435073853
0.9706896543502808
0.5148200392723083
0.9982417821884155
0.664096474647522
0.9575780630111694
0.9988459944725037
0.9593332409858704
0.006307738367468119
0.8650157451629639
0.9995248913764954
0.9152746796607971
0.785118818283081
0.9991616010665894
0.6739773750305176
0.9962558746337891
0.9967695474624634
0.9502583146095276
0.9210614562034607
0.9989652037620544
0.9484003186225891
0.15000498294830322
0.9466314911842346
0.957282543182373
0.9251638054847717
0.19328948855400085
0.9151515960693359
0.9705789089202881
0.8932032585144043
0.9926154613494873
0.992843747138977
0.8569371700286865
0.27756211161613464
0.9913098216056824
0.9764209389686584
0.9453526735305786
0.9186986088752747
0.9976853132247925
0.9925776720046997
0.988106906414032
0.4257199466228485
0.6174011826515198
0.9954882860183716
0.9980453848838806
0.9705729484558105
0.9997820854187012
0.9938551783561707
0.9955390095710754
0.2165694236755371
0.6739341616630554
0.9836896061897278
0.9940182566642761
0.9933761358261108
0.999193549156189
0.9934016466140747
0.9828087091445923
0.9698417782783508
0.9929165840148926
0.9991433024406433
0.9898949265480042
0.7250246405601501
0.9886851906776428
0.9951505661010742
0.8376692533493042
0.7574504613876343
0.9936206936836243
0.994519054889679
0.05418587476015091
0.022380471229553223
0.9738332629203796
0.8538018465042114
0.9963952898979187
0.995543360710144
0.9739711880683899
0.9013400077819824
0.9048661589622498
0.9977289438247681
0.9977405071258545
0.8866647481918335
0.048207785934209824
0.9980321526527405
0.997850239276886
0.9325622320175171
0.4982757568359375
0.9990951418876648
0.9636783003807068
0.8900585174560547
0.964722216129303
0.9972910284996033
0.979665219783783
0.9830703735351562
0.5789889693260193
0.9864251613616943
0.9977004528045654
0.8881229162216187
0.30948126316070557
0.9944754242897034
0.9767137765884399
0.26790207624435425
0.9888834357261658
0.9911100268363953
0.13523608446121216
0.9989489316940308
0.9973272681236267
0.5012040138244629
0.9862452745437622
0.7761696577072144
0.8817304968833923
0.13413730263710022
0.9619232416152954
0.9903725385665894
0.9986585974693298
0.9986644983291626
0.9927816390991211
0.9678308367729187
0.9313716292381287
0.6665224432945251
0.30137571692466736
0.2143571674823761
0.8760998845100403
0.9978146553039551
0.9169793725013733
0.9689163565635681
0.9563784003257751
0.2799261212348938
0.9969370365142822
0.9932704567909241
0.9986659288406372
0.8996525406837463
0.12246456742286682
0.5276873111724854
0.9890538454055786
0.9906907677650452
0.9916961789131165
0.9014022350311279
0.8840574622154236
0.8337432742118835
0.992234468460083
0.7628653049468994
0.9939591288566589
0.9856098294258118
0.997662365436554
0.7399327754974365
0.9983308911323547
0.941633403301239
0.09291034191846848
0.9871771335601807
0.9879054427146912
0.06503215432167053
0.9980795383453369
0.9823483228683472
0.99282306432724
0.7773345112800598
0.9566484689712524
0.1653410643339157
0.8027794361114502
0.8888595104217529
0.995815098285675
0.8996965289115906
0.9875789880752563
0.6208439469337463
0.9974429607391357
0.9986041188240051
0.9358893632888794
0.963636040687561
0.519696056842804
0.9961665868759155
0.9892769455909729
0.9990434646606445
0.22926577925682068
0.9981534481048584
0.7359134554862976
0.9879611134529114
0.598209023475647
0.9815584421157837
0.9835684299468994
0.7624209523200989
0.25287774205207825
0.9792767763137817
0.9943457841873169
0.997607409954071
0.7099777460098267
0.9987601041793823
0.9058926105499268
0.639167070388794
0.05800243839621544
0.700492799282074
0.4037606418132782
0.02966589480638504
0.940822422504425
0.9804512858390808
0.19381019473075867
0.996176540851593
0.9983951449394226
0.9841018319129944
0.08744612336158752
0.9777630567550659
0.2149079293012619
0.9083420634269714
0.6865896582603455
0.9254889488220215
0.9487342238426208
0.9738264083862305
0.013509709388017654
0.9990941286087036
0.302996963262558
0.01618385501205921
0.03717321902513504
0.8436416387557983
0.8238031268119812
0.1879146844148636
0.11161380261182785
0.909430742263794
0.9968080520629883
0.21414107084274292
0.8879619240760803
0.9953241348266602
0.17448031902313232
0.8349204063415527
0.9699404239654541
0.9947811961174011
0.99552321434021
0.49228635430336
0.99881911277771
0.7413029074668884
0.9977792501449585
0.8196307420730591
0.9993808269500732
0.9764230251312256
0.5793423056602478
0.9939627647399902
0.20021355152130127
0.9337928891181946
0.8102807998657227
0.9642417430877686
0.9991879463195801
0.28385233879089355
0.4415784478187561
0.9438731670379639
0.9992433786392212
0.28478845953941345
0.9788539409637451
0.9573009014129639
0.9916881918907166
0.9769622087478638
0.9979720115661621
0.992088794708252
0.9838832020759583
0.10978599637746811
0.9961974620819092
0.8644828796386719
0.9986186623573303
0.9867589473724365
0.999223530292511
0.9650134444236755
0.9727393984794617
0.9938473105430603
0.9154111742973328
0.9986358284950256
0.9988645911216736
0.9983241558074951
0.9974913597106934
0.9982966780662537
0.9954681396484375
0.9977883696556091
0.11246228218078613
0.6864665150642395
0.9991198182106018
0.9934496879577637
0.9980209469795227
0.732766330242157
0.9674854278564453
0.6480214595794678
0.9931942224502563
0.7268235683441162
0.6713771224021912
0.6735788583755493
0.04983803257346153
0.9722148180007935
0.9957937598228455
0.9831939935684204
0.4601808488368988
0.9974454045295715
0.9954501986503601
0.9853730797767639
0.020830830559134483
0.9712655544281006
0.6837775707244873
0.9733806848526001
0.08488456904888153
0.6894499659538269
0.9718367457389832
0.9990765452384949
0.9920978546142578
0.9962827563285828
0.9992886781692505
0.9902439117431641
0.7010759115219116
0.6573859453201294
0.9956768155097961
0.9284816384315491
0.899483859539032
0.9313672780990601
0.987738311290741
0.8070195913314819
0.9934776425361633
0.9986140727996826
0.13684241473674774
0.6705715656280518
0.920617938041687
0.976109504699707
0.9986853003501892
0.10669141262769699
0.99748295545578
0.9959467649459839
0.5701335668563843
0.3387283682823181
0.9670469164848328
0.9840267896652222
0.9952002167701721
0.7478652596473694
0.7648943662643433
0.9947205781936646
0.4672130346298218
0.5061470866203308
0.9958128929138184
0.7070123553276062
0.9748719930648804
0.05343370884656906
0.7014946341514587
0.9784628748893738
0.9522164463996887
0.7544803023338318
0.9393302798271179
0.1878972202539444
0.9931625723838806
0.9984080791473389
0.9973717331886292
0.826771080493927
0.9757460355758667
0.35368624329566956
0.9984625577926636
0.9993928074836731
0.8733410835266113
0.9824974536895752
0.9988625049591064
0.9972118139266968
0.028730221092700958
0.9977872967720032
0.9103255271911621
0.7896049618721008
0.22160130739212036
0.5499739050865173
0.17867021262645721
0.990399956703186
0.9784020781517029
0.7899286150932312
0.999468982219696
0.9903116226196289
0.8710014820098877
0.5201945304870605
0.6937078833580017
0.9955426454544067
0.9870844483375549
0.9878261089324951
0.9837226271629333
0.3384656310081482
0.9952150583267212
0.9987674951553345
0.8170117139816284
0.9199343323707581
0.8804576396942139
0.8024632930755615
0.9814476370811462
0.9967272281646729
0.09294731169939041
0.020020166411995888
0.9862319827079773
0.2360605150461197
