0.9563259482383728
0.8753662705421448
0.01796015352010727
0.9530972838401794
0.5206552743911743
0.731205940246582
0.7775391340255737
0.9864886999130249
0.017046034336090088
0.6236110329627991
0.984376847743988
0.9651894569396973
0.9339635372161865
0.971062421798706
0.6724947690963745
0.010451504029333591
0.9996100068092346
0.975138247013092
0.2020886391401291
0.9984675049781799
0.9961891770362854
0.4204583168029785
0.1240295022726059
0.018258651718497276
0.994170069694519
0.9850124716758728
0.13931311666965485
0.2497233748435974
0.6676332950592041
0.47440478205680847
0.631304919719696
0.3104656934738159
0.039714712649583817
0.5600824952125549
0.8739312291145325
0.22126127779483795
0.7958307862281799
0.32293036580085754
0.6588489413261414
0.30831265449523926
0.3412003815174103
0.2439233958721161
0.998189389705658
0.016674373298883438
0.9983355402946472
0.10460087656974792
0.3975454568862915
0.996494472026825
0.9895622134208679
0.9857414364814758
0.9857589602470398
0.9951784014701843
0.97470623254776
0.5834509134292603
0.9740419387817383
0.9028236865997314
0.9921191930770874
0.41022270917892456
0.6946155428886414
0.4492718279361725
0.03973544389009476
0.9749717712402344
0.9562169909477234
0.2609522342681885
0.9949337840080261
0.8307811617851257
0.009559852071106434
0.5939285159111023
0.015360089018940926
0.9140084981918335
0.02832799404859543
0.9537392854690552
0.179312065243721
0.8694320321083069
0.9448543787002563
0.37744206190109253
0.9983188509941101
0.9868910312652588
0.4438720941543579
0.9897802472114563
0.999514102935791
0.22080281376838684
0.8315137028694153
0.8926283717155457
0.49604469537734985
0.9980323910713196
0.6435927152633667
0.3143143951892853
0.9959948658943176
0.9883356094360352
0.000412021268857643
0.07610611617565155
0.9619255661964417
0.9329890608787537
0.8877406716346741
0.8112765550613403
0.012550816871225834
0.9841126799583435
0.40255308151245117
0.024776168167591095
0.9041555523872375
0.6247757077217102
0.23508745431900024
0.11385111510753632
0.04412524402141571
0.0911986455321312
0.04573546722531319
0.9976931214332581
0.007162550929933786
0.1134536862373352
0.07793235033750534
0.9896925687789917
0.09050058573484421
0.9991812109947205
0.9960027933120728
0.4675430655479431
0.03551093861460686
0.9667393565177917
0.21380549669265747
0.8983259797096252
0.9989141821861267
0.976965069770813
0.09474124014377594
0.007840213365852833
0.9533827304840088
0.2055966556072235
0.3253719210624695
0.998787522315979
0.9679573774337769
0.7722805142402649
0.8084293007850647
0.9995248913764954
0.9152746796607971
0.6493831872940063
0.9908451437950134
0.8219271302223206
0.9962558746337891
0.9967695474624634
0.020470285788178444
0.9989272356033325
0.8345699906349182
0.09249476343393326
0.9979684352874756
0.9690554738044739
0.9564101696014404
0.9577598571777344
0.5753354430198669
0.9431780576705933
0.9926788806915283
0.9799289703369141
0.996829092502594
0.28864583373069763
0.9987651705741882
0.28332144021987915
0.6905313730239868
0.027394527569413185
0.9193598628044128
0.9546239376068115
0.9980428814888
0.9553533792495728
0.9914191961288452
0.9991922378540039
0.9070215225219727
0.9977142214775085
0.9313161969184875
0.9834750890731812
0.9997820854187012
0.9931208491325378
0.9784584641456604
0.46188801527023315
0.9001525640487671
0.10166076570749283
0.7848699688911438
0.9933761358261108
0.8730701208114624
0.12120333313941956
0.976290762424469
0.9172170162200928
0.9929165840148926
0.9992828369140625
0.11931430548429489
0.7250246405601501
0.8727052807807922
0.9985380172729492
0.829756498336792
0.06917314231395721
0.9941766858100891
0.9865801334381104
0.03503190353512764
0.035716407001018524
0.3539182245731354
0.061301764100790024
0.2048925757408142
0.9378756284713745
0.924858570098877
0.9460592865943909
0.007372383028268814
0.9988062977790833
0.02647675946354866
0.9786341190338135
0.10978935658931732
0.9967518448829651
0.9967398643493652
0.9325622320175171
0.00490992795675993
0.9989543557167053
0.4506610929965973
0.5148496031761169
0.017698531970381737
0.028821265324950218
0.8315300345420837
0.10985806584358215
0.013202541507780552
0.30637460947036743
0.23445729911327362
0.9388930201530457
0.5887163877487183
0.9533117413520813
0.9542716145515442
0.07090794295072556
0.8964646458625793
0.9911100268363953
0.19321605563163757
0.995803713798523
0.9977715611457825
0.48262819647789
0.9883628487586975
0.9532492756843567
0.2657014727592468
0.9729477763175964
0.37145811319351196
0.9294546842575073
0.9902675747871399
0.9783642292022705
0.766912043094635
0.686141312122345
0.9411892294883728
0.7728402018547058
0.09904304891824722
0.37239551544189453
0.9994696378707886
0.8262544870376587
0.9689338207244873
0.025353940203785896
0.969929039478302
0.6826295256614685
0.987478494644165
0.9952230453491211
0.9986659288406372
0.4501516819000244
0.07726272195577621
0.9030164480209351
0.973784863948822
0.9906907677650452
0.0979183092713356
0.556892454624176
0.4834255278110504
0.8867906332015991
0.9096889495849609
0.008430546149611473
0.20249277353286743
0.9543785452842712
0.9988346695899963
0.9944144487380981
0.9983308911323547
0.941633403301239
0.038961540907621384
0.09193942695856094
0.9712983965873718
0.9798866510391235
0.6777939796447754
0.9823483228683472
0.9778810739517212
0.03703884035348892
0.7302985191345215
0.02466745488345623
0.9655591249465942
0.9975336790084839
0.9979443550109863
0.8814643025398254
0.9942370653152466
0.5794575214385986
0.9976186752319336
0.9981734156608582
0.7957002520561218
0.14347904920578003
0.9562702775001526
0.9973084926605225
0.0984073057770729
0.03997953608632088
0.048544302582740784
0.9994423389434814
0.13614831864833832
0.9840229749679565
0.9949572086334229
0.9803784489631653
0.0839381068944931
0.9445961713790894
0.346858412027359
0.9945728182792664
0.9969222545623779
0.998043954372406
0.9158617258071899
0.9977795481681824
0.004502409137785435
0.03518182784318924
0.7431938648223877
0.002360608195886016
0.0657871812582016
0.7146082520484924
0.9704785346984863
0.989879310131073
0.20894932746887207
0.8887112736701965
0.9980249404907227
0.5327702760696411
0.02339600771665573
0.8829188942909241
0.3333781361579895
0.15926209092140198
0.297569215297699
0.01652887463569641
0.9801012873649597
0.9108278751373291
0.012052541598677635
0.9991113543510437
0.02614048682153225
0.004075317177921534
0.001158238505013287
0.03550753742456436
0.6220755577087402
0.060146939009428024
0.10173340886831284
0.929776132106781
0.9775335192680359
0.534514307975769
0.9919195175170898
0.998170018196106
0.772505521774292
0.10618727654218674
0.002920522354543209
0.9936041831970215
0.963096022605896
0.8811199069023132
0.9993389248847961
0.9993407130241394
0.9500401616096497
0.2649860680103302
0.9990535974502563
0.898841142654419
0.23432005941867828
0.3622405230998993
0.4233923852443695
0.9516359567642212
0.06362426280975342
0.9821929931640625
0.9989116191864014
0.1741391122341156
0.8808596730232239
0.9628024697303772
0.9992190599441528
0.9517456293106079
0.04415373504161835
0.03468877077102661
0.3676692843437195
0.9853848814964294
0.9727289080619812
0.8593642115592957
0.732745349407196
0.008487184531986713
0.09913507103919983
0.0013885021908208728
0.9986186623573303
0.9909329414367676
0.9994316697120667
0.9768889546394348
0.9727393984794617
0.24949225783348083
0.017839711159467697
0.9977350831031799
0.7250854969024658
0.0565270259976387
0.5049818158149719
0.9941056370735168
0.9940406680107117
0.9236869215965271
0.17412619292736053
0.7350844740867615
0.37835365533828735
0.9228160381317139
0.6513588428497314
0.11272889375686646
0.07467444241046906
0.32722681760787964
0.9933444857597351
0.2724716067314148
0.007690725848078728
0.09187455475330353
0.54994797706604
0.10245493054389954
0.9973838329315186
0.9809679985046387
0.19319851696491241
0.033633992075920105
0.9768972396850586
0.9958459734916687
0.020471736788749695
0.8249505758285522
0.3326558470726013
0.9733806848526001
0.9625880122184753
0.2326480895280838
0.09875340759754181
0.9986717700958252
0.0011842370731756091
0.09250051528215408
0.022798003628849983
0.05191733315587044
0.9782456159591675
0.9015794992446899
0.997343897819519
0.02841746248304844
0.899483859539032
0.0008370804134756327
0.9980489015579224
0.9394844174385071
0.02087331935763359
0.9979424476623535
0.985802948474884
0.33873775601387024
0.03132357448339462
0.997634768486023
0.07043386250734329
0.15546473860740662
0.9970110058784485
0.9974910020828247
0.8679357767105103
0.9542264342308044
0.9988913536071777
0.9953001141548157
0.9028968214988708
0.07002374529838562
0.7648943662643433
0.00520838238298893
0.19791273772716522
0.4271222651004791
0.6630467176437378
0.9977424740791321
0.957423210144043
0.9104031324386597
0.9861729145050049
0.8582324385643005
0.34126171469688416
0.005677657667547464
0.9427410364151001
0.9724763631820679
0.15098915994167328
0.9984080791473389
0.3301454782485962
0.328693151473999
0.9964118003845215
0.12742213904857635
0.9989079833030701
0.9993928074836731
0.5788081288337708
0.055198732763528824
0.9990227818489075
0.4092254042625427
0.9890938401222229
0.9869558215141296
0.7694942355155945
0.19239823520183563
0.6775031685829163
0.8576652407646179
0.8823599219322205
0.19352664053440094
0.33551454544067383
0.7899286150932312
0.999468982219696
0.9973671436309814
0.9970741868019104
0.0005627474747598171
0.9816783666610718
0.045334991067647934
0.9920454621315002
0.3276804983615875
0.9947754144668579
0.152035191655159
0.019042881205677986
0.9970782399177551
0.9930849671363831
0.8028295040130615
0.054814450442790985
0.5441216230392456
0.9993064403533936
0.9966393709182739
0.030871646478772163
0.02552841790020466
0.995156466960907
0.023618927225470543
