0.855
0.996
0.922
0.133
0.268
0.500
1.000
0.977
0.977
0.703
0.012
0.984
0.023
0.379
0.182
0.816
0.244
0.095
0.014
0.934
0.096
1.000
0.120
0.953
0.949
0.012
0.820
0.068
0.992
0.977
0.996
0.183
0.895
1.000
1.000
0.224
0.949
0.011
0.973
0.934
0.934
0.754
0.996
0.977
0.914
0.984
0.048
0.980
1.000
0.992
0.002
1.000
0.969
0.980
0.852
0.996
0.996
0.973
0.996
0.918
0.009
0.836
0.957
1.000
0.984
0.029
0.500
0.977
0.816
0.096
0.977
0.973
0.042
0.980
0.961
0.992
0.408
0.438
0.945
0.014
1.000
0.992
0.973
0.322
0.133
0.980
1.000
0.980
1.000
0.730
0.961
0.019
0.096
0.096
0.621
1.000
1.000
0.018
0.992
0.017
0.048
0.026
0.005
0.961
0.038
0.500
0.980
0.879
0.934
0.984
0.107
0.730
1.000
0.816
0.973
0.980
0.048
0.988
0.941
0.855
1.000
1.000
0.033
1.000
0.992
0.133
0.008
0.973
0.408
0.961
0.322
0.980
1.000
0.906
0.002
0.941
0.852
0.268
0.067
0.926
0.922
0.004
1.000
0.992
0.934
0.953
0.863
0.008
1.000
0.107
0.018
0.832
0.969
0.988
0.961
0.068
0.992
1.000
0.992
0.992
0.012
0.012
0.060
0.012
1.000
1.000
0.438
0.120
0.926
0.961
0.906
0.164
0.038
0.005
0.855
0.106
0.992
0.002
0.945
0.992
0.977
0.010
0.164
0.164
1.000
0.992
0.980
0.949
0.977
0.988
0.988
0.621
0.957
0.164
1.000
0.984
1.000
0.941
0.500
0.973
0.883
0.973
0.969
0.973
0.320
0.996
0.268
0.941
0.895
0.003
0.165
1.000
0.164
0.992
0.863
0.957
0.033
0.003
0.017
0.527
0.965
0.033
0.033
0.996
0.037
0.992
0.879
0.797
0.996
0.042
0.018
0.879
0.984
0.295
0.992
0.816
0.926
0.246
0.165
