0.9450216889381409
0.7251281142234802
0.9577687382698059
0.9784687161445618
0.11280380189418793
0.21232102811336517
0.8560965061187744
0.12176711857318878
0.98075270652771
0.1926189810037613
0.6223257780075073
0.046231724321842194
0.3519990146160126
0.33525899052619934
0.7207489013671875
0.10297279059886932
0.319774866104126
0.3468463122844696
0.8394213318824768
0.9770829081535339
0.8132068514823914
0.015378795564174652
0.5035242438316345
0.8777784109115601
0.25417616963386536
0.9667546153068542
0.795014500617981
0.8387753367424011
0.16341622173786163
0.07464874535799026
0.2976337969303131
0.7767308354377747
0.06712529063224792
0.08522283285856247
0.04104536399245262
0.6945875883102417
0.8335152268409729
0.22786206007003784
0.04658476635813713
0.2707686126232147
0.0046088723465800285
0.8303016424179077
0.9783828854560852
0.11573947221040726
0.8066816926002502
0.8863925337791443
0.055722445249557495
0.06965166330337524
0.23836210370063782
0.08740753680467606
0.8828522562980652
0.1999342441558838
0.4083661735057831
0.5849043726921082
0.9047021865844727
0.012803313322365284
0.974009096622467
0.8595877885818481
0.023651914671063423
0.13141416013240814
0.1105734333395958
0.0009185585076920688
0.7047446966171265
0.13769805431365967
0.11536335200071335
0.9803833961486816
0.15910112857818604
0.26421260833740234
0.005230208393186331
0.2524304986000061
0.0869998186826706
0.563744306564331
0.26856133341789246
0.6311677098274231
0.9408837556838989
0.040714409202337265
0.9966434240341187
0.03935551643371582
0.8918981552124023
0.23781198263168335
0.9974806308746338
0.20604465901851654
0.6097996830940247
0.011197053827345371
0.007942396216094494
0.304982453584671
0.23438850045204163
0.01222758274525404
0.15868550539016724
0.013304712250828743
0.14197145402431488
0.6416022181510925
0.3881966471672058
0.45504534244537354
0.8110735416412354
0.25768882036209106
0.46560484170913696
0.018683571368455887
0.5705528855323792
0.32542842626571655
0.09248803555965424
0.00821969285607338
0.19308198988437653
0.8490051627159119
0.0767432451248169
0.11487488448619843
0.038255318999290466
0.9800421595573425
0.09145529568195343
0.6352644562721252
0.036875367164611816
0.029381178319454193
0.8559443354606628
0.9933549761772156
0.954647958278656
0.17027761042118073
0.14192582666873932
0.003307734616100788
0.05531035363674164
0.09597144275903702
0.7624109387397766
0.8408839106559753
0.1818830817937851
0.18997840583324432
0.9326466917991638
0.8252015709877014
0.1687367856502533
0.4840637743473053
0.08393078297376633
0.6596505641937256
0.2548239529132843
0.40805190801620483
0.8183231353759766
0.521895706653595
0.9936692118644714
0.003322392934933305
0.9128727912902832
0.28109100461006165
0.001147181261330843
0.9310475587844849
0.9566401839256287
0.13257749378681183
0.9785817265510559
0.010053613223135471
0.7467880845069885
0.08021452277898788
0.012151210568845272
0.13631708920001984
0.9480090141296387
0.46916064620018005
0.9926038980484009
0.5712985992431641
0.9397392868995667
0.8943018317222595
0.769084632396698
0.2024013251066208
0.7326684594154358
0.8388121128082275
0.9239374995231628
0.8996478319168091
0.0692308247089386
0.9952901601791382
0.8512733578681946
0.9692285656929016
0.7466098070144653
0.3649928569793701
0.0030768350698053837
0.9477173089981079
0.6632937788963318
0.07867845892906189
0.8167020678520203
0.99041748046875
0.09412948042154312
0.8991712331771851
0.9896835088729858
0.19634422659873962
0.018373094499111176
0.06965333223342896
0.8867895603179932
0.8394023180007935
0.7397809624671936
0.12039721757173538
0.1484804004430771
0.9940437078475952
0.20573562383651733
0.051070671528577805
0.13432571291923523
0.9659843444824219
0.40699729323387146
0.00526220491155982
0.009170476347208023
0.9272261261940002
0.07251615077257156
0.6723766922950745
0.06483914703130722
0.10010923445224762
0.29293614625930786
0.016620934009552002
0.9530353546142578
0.9182154536247253
0.8721954226493835
0.9217314124107361
0.8669222593307495
0.026123911142349243
0.023392891511321068
0.18586520850658417
0.003137419233098626
0.06965649127960205
0.6518146991729736
0.9777846336364746
0.7464480996131897
0.06434793025255203
0.44880416989326477
0.3075915575027466
0.9403907656669617
0.1340358704328537
0.01160915195941925
0.9564242959022522
0.8892269134521484
0.2774791121482849
0.7568187713623047
0.0984390452504158
0.7188689112663269
0.8151319026947021
0.2661180794239044
0.16648130118846893
0.8392680287361145
0.18684504926204681
0.220717191696167
0.1485803872346878
0.9812161922454834
0.06165387108922005
0.9883739352226257
0.16216742992401123
0.3698372542858124
0.8027437925338745
0.8950296640396118
0.9172795414924622
0.010333720594644547
0.07377514243125916
0.031702857464551926
0.14549946784973145
0.7813094258308411
0.9574131369590759
0.8609943389892578
0.03233201056718826
0.9186250567436218
0.834341824054718
0.9672025442123413
0.09774903953075409
0.06028883159160614
0.13103504478931427
0.01870691403746605
0.9492745995521545
0.31016847491264343
0.060018718242645264
0.19764339923858643
0.05088552087545395
0.9734468460083008
0.12995585799217224
0.07656855881214142
0.9688994884490967
0.9784042835235596
0.013949858956038952
0.9653472304344177
0.9482009410858154
0.1629151552915573
0.7520890235900879
0.6528130769729614
0.23178432881832123
0.9319268465042114
0.5789169073104858
0.020865989848971367
0.2187182605266571
0.49106788635253906
0.8779265880584717
0.05655103549361229
0.12035327404737473
0.04853435233235359
0.6361420750617981
0.9726636409759521
0.5441334247589111
0.9733530879020691
0.26193225383758545
0.9419100880622864
0.8439875841140747
0.941861093044281
0.6210921406745911
0.22614343464374542
0.08939853310585022
0.12757310271263123
0.9947080016136169
0.048417288810014725
0.6727572083473206
0.3207331895828247
0.9634706974029541
0.0480913445353508
0.8842182159423828
0.7160204648971558
0.9172956347465515
0.8846895694732666
0.9011195302009583
0.009939365088939667
0.031099660322070122
0.26569435000419617
0.10918664187192917
0.00408159289509058
0.1124681830406189
0.174369215965271
0.14100095629692078
0.7020056247711182
0.7686792612075806
0.30000564455986023
0.9959040880203247
0.028719445690512657
0.9192560315132141
0.05145340785384178
0.8674706220626831
0.023402150720357895
0.579434871673584
0.11989142000675201
0.009158238768577576
0.7355292439460754
0.06808100640773773
0.01433839276432991
0.961654543876648
0.06489850580692291
0.045339785516262054
0.8207414746284485
0.07475236058235168
0.6174211502075195
0.12315424531698227
0.059761837124824524
0.5939235091209412
0.9347123503684998
0.7427454590797424
0.7803674340248108
0.9895001649856567
0.7521793842315674
0.0910630077123642
0.053430717438459396
0.07268413156270981
0.9381598830223083
0.09990168362855911
0.980577290058136
0.9942626953125
0.8811146020889282
0.8700244426727295
0.9752458930015564
0.961491584777832
0.9681744575500488
0.2993639409542084
0.08990795910358429
0.23274889588356018
0.714677095413208
0.9080275297164917
0.8115158677101135
0.5286137461662292
0.697361409664154
0.8141714334487915
0.01030439417809248
0.972833514213562
0.5007824897766113
0.3589405119419098
0.17452894151210785
0.9224777221679688
0.08093195408582687
0.27068424224853516
0.2537396550178528
0.07770348340272903
0.8905783891677856
0.2528100311756134
0.048073187470436096
0.896070122718811
0.15768174827098846
0.029343344271183014
0.025488873943686485
0.9432970285415649
0.01590145006775856
0.9080132842063904
0.9843928217887878
0.8845390677452087
0.9335070252418518
0.9817724227905273
0.841594934463501
0.9683488607406616
0.019905030727386475
0.8348667621612549
0.9843408465385437
0.9255804419517517
0.22208331525325775
0.9527193307876587
0.09214848279953003
0.5213093161582947
0.8240900635719299
0.16283272206783295
0.0016068497207015753
0.3500550091266632
0.003084799274802208
0.058404240757226944
0.04824262857437134
0.9589720368385315
0.4638184905052185
0.9290038347244263
0.8626163601875305
0.13176517188549042
0.5048607587814331
0.21510782837867737
0.5096814632415771
0.016404585912823677
0.06503812968730927
0.01763150840997696
0.13248604536056519
0.6910520195960999
0.8619663119316101
0.03541809320449829
0.17179648578166962
0.7338707447052002
0.9322112798690796
0.026142528280615807
0.5759956240653992
0.39129963517189026
0.9356359243392944
0.3848855197429657
0.02612704038619995
0.08186488598585129
0.11296989023685455
0.938503623008728
0.20743852853775024
0.8044031858444214
0.4044821560382843
0.9518179893493652
0.7776064872741699
0.03012927807867527
0.7780267000198364
0.7847185730934143
0.6530336141586304
0.2804858684539795
0.9057139158248901
0.9317680597305298
0.8011706471443176
0.5088405609130859
0.9943869709968567
0.8349330425262451
0.016172213479876518
0.1392330825328827
0.7867112159729004
0.4243784546852112
0.432517409324646
0.3578002154827118
0.385834664106369
0.2866456210613251
0.21464061737060547
0.26127681136131287
0.6819800138473511
0.037087198346853256
0.902729332447052
0.9799014925956726
0.7989581227302551
0.1279483586549759
0.2159685641527176
0.5760511159896851
0.05572982132434845
0.9954854846000671
0.16776001453399658
0.019753502681851387
0.3049149811267853
0.03378209471702576
0.07072607427835464
0.7631112337112427
0.13530325889587402
0.6179125905036926
0.4181728959083557
0.12424496561288834
0.1962539404630661
0.9395440220832825
0.5811842083930969
0.038162972778081894
0.029045216739177704
0.8802924156188965
0.4165027141571045
0.020537089556455612
0.8827738165855408
0.39768847823143005
0.08018384128808975
0.09879864752292633
0.10478474944829941
0.36204007267951965
0.2633928656578064
0.6517398357391357
0.13193699717521667
0.45526623725891113
0.32833296060562134
0.06980068981647491
0.9902068972587585
0.9879745841026306
0.1641000360250473
0.5182742476463318
0.8968812823295593
0.7716066241264343
