1.000
0.996
1.000
1.000
1.000
0.295
1.000
0.980
1.000
1.000
1.000
1.000
0.984
0.377
0.095
1.000
0.996
1.000
1.000
0.980
1.000
1.000
0.992
1.000
1.000
0.996
1.000
0.934
1.000
0.938
1.000
0.992
1.000
0.996
1.000
1.000
1.000
0.992
1.000
0.037
1.000
1.000
1.000
0.922
1.000
1.000
0.977
0.992
1.000
1.000
0.048
1.000
1.000
0.879
1.000
0.320
0.938
1.000
0.992
1.000
1.000
1.000
1.000
1.000
1.000
1.000
1.000
0.035
1.000
0.022
1.000
0.042
0.992
0.953
1.000
1.000
1.000
0.992
1.000
0.033
0.977
0.996
1.000
1.000
1.000
1.000
1.000
1.000
1.000
0.992
0.973
0.754
1.000
1.000
0.992
1.000
1.000
1.000
1.000
1.000
