0.99999
1.00000
1.00000
1.00000
1.00000
1.00000
1.00000
0.99999
0.99367
1.00000
0.99116
0.99970
1.00000
1.00000
0.99946
1.00000
1.00000
0.99917
1.00000
0.99836
0.99954
1.00000
0.99995
1.00000
1.00000
0.80642
0.98502
1.00000
0.99997
1.00000
1.00000
1.00000
1.00000
1.00000
1.00000
0.99937
0.99999
1.00000
1.00000
0.99999
0.99999
1.00000
0.99997
1.00000
1.00000
0.94580
1.00000
1.00000
0.99999
1.00000
0.99991
0.99955
1.00000
0.99920
0.99999
1.00000
0.01621
1.00000
1.00000
1.00000
0.99999
1.00000
0.99999
0.99997
0.99998
1.00000
1.00000
0.99993
1.00000
1.00000
1.00000
1.00000
0.00019
1.00000
1.00000
1.00000
1.00000
0.99998
0.99979
1.00000
1.00000
0.99999
0.99997
0.99999
1.00000
-0.00000
0.98841
1.00000
1.00000
1.00000
0.99999
1.00000
1.00000
1.00000
1.00000
1.00000
0.79043
0.99965
1.00000
0.99999
