0.9677996039390564
0.7505552768707275
0.9159047603607178
0.9784687161445618
0.0927109643816948
0.9258233904838562
0.8915172815322876
0.17966938018798828
0.98075270652771
0.9386133551597595
0.37185630202293396
0.18558037281036377
0.31937509775161743
0.9809087514877319
0.938198447227478
0.06456023454666138
0.5301514267921448
0.33705517649650574
0.5006728172302246
0.9662038087844849
0.6935219764709473
0.03806036710739136
0.21899805963039398
0.9936979413032532
0.8853897452354431
0.9265381693840027
0.7562739253044128
0.56391841173172
0.1270533800125122
0.023270001634955406
0.018658744171261787
0.436020165681839
0.0591234527528286
0.938109815120697
0.18939484655857086
0.6945875883102417
0.2675987780094147
0.14114725589752197
0.14031854271888733
0.2009638100862503
0.44401049613952637
0.023838810622692108
0.9731793403625488
0.0324334017932415
0.39739108085632324
0.3674267530441284
0.12923897802829742
0.03870780020952225
0.23836210370063782
0.1499634087085724
0.6810157895088196
0.7981557250022888
0.8720770478248596
0.6444960832595825
0.9045728445053101
0.24526537954807281
0.9613708257675171
0.8272317051887512
0.20191465318202972
0.13688690960407257
0.07030908763408661
0.7547215819358826
0.9201187491416931
0.5037173628807068
0.08909187465906143
0.978302538394928
0.8958274126052856
0.0736510306596756
0.991972029209137
0.714188277721405
0.0869998186826706
0.8511472344398499
0.47919854521751404
0.9447131752967834
0.8555058836936951
0.9773088097572327
0.9965875148773193
0.6830768585205078
0.8543551564216614
0.8944824934005737
0.9965071082115173
0.6175504326820374
0.7514273524284363
0.9516387581825256
0.711174726486206
0.3295257091522217
0.5755824446678162
0.9649821519851685
0.31784588098526
0.9028745293617249
0.19501644372940063
0.7950350046157837
0.8465514779090881
0.9103254675865173
0.3318053185939789
0.1818132847547531
0.6282577514648438
0.6563735008239746
0.5705528855323792
0.5121135711669922
0.009889889508485794
0.4553764760494232
0.3668067753314972
0.8490051627159119
0.33194485306739807
0.12256904691457748
0.5801620483398438
0.9610658288002014
0.01667613908648491
0.21960902214050293
0.26108506321907043
0.5415329337120056
0.7852365374565125
0.9933549761772156
0.954647958278656
0.7730608582496643
0.9047630429267883
0.01711258850991726
0.14834502339363098
0.27697500586509705
0.9938051700592041
0.07579923421144485
0.2481304109096527
0.0023488199803978205
0.9588463306427002
0.796744167804718
0.05136480927467346
0.9857663512229919
0.16379964351654053
0.22222274541854858
0.18421252071857452
0.44233113527297974
0.4260842204093933
0.7648559212684631
0.9968282580375671
0.020731257274746895
0.913353681564331
0.8150585889816284
0.03917578235268593
0.26238715648651123
0.9566401839256287
0.15763552486896515
0.9785990715026855
0.0792950838804245
0.9325652718544006
0.1365666687488556
0.5310877561569214
0.48567405343055725
0.27223607897758484
0.6902459859848022
0.5085002183914185
0.1287824660539627
0.7617642879486084
0.5860463380813599
0.22032342851161957
0.7771390080451965
0.43312007188796997
0.12401788681745529
0.9411112070083618
0.8930205702781677
0.17404614388942719
0.9939824342727661
0.9238685965538025
0.9546554684638977
0.9768611788749695
0.7422834634780884
0.9966682195663452
0.9214090704917908
0.9209215044975281
0.5000138878822327
0.8038814663887024
0.9910992383956909
0.47721201181411743
0.5255376696586609
0.9652265310287476
0.7078009247779846
0.9204990863800049
0.08606980741024017
0.8867895603179932
0.9951212406158447
0.8419952392578125
0.8332427144050598
0.7750216722488403
0.45419037342071533
0.8509111404418945
0.11445645987987518
0.1709587126970291
0.6861786842346191
0.37412363290786743
0.01916307397186756
0.008784430101513863
0.806364119052887
0.2691897451877594
0.9712168574333191
0.3475237190723419
0.6042762398719788
0.3119277060031891
0.823652446269989
0.8466067314147949
0.9242388606071472
0.745853841304779
0.8560425639152527
0.9459457993507385
0.4585007131099701
0.097476527094841
0.26374343037605286
0.8241657614707947
0.04054311290383339
0.8952136635780334
0.9777846336364746
0.08852183073759079
0.9919815063476562
0.9747504591941833
0.14503291249275208
0.9748947620391846
0.6441564559936523
0.6054765582084656
0.9684720635414124
0.8892269134521484
0.20996691286563873
0.9356829524040222
0.6907408237457275
0.7389307618141174
0.9067686200141907
0.9110786318778992
0.3569219410419464
0.9291861653327942
0.6082364320755005
0.6421493887901306
0.6181678771972656
0.9598513245582581
0.03150755539536476
0.9883739352226257
0.5771267414093018
0.9553961753845215
0.7621381878852844
0.8372616767883301
0.6907579302787781
0.02503695711493492
0.21950770914554596
0.9960950016975403
0.4963412880897522
0.7201576828956604
0.5174473524093628
0.5742054581642151
0.12815579771995544
0.8832312226295471
0.8543656468391418
0.9728114008903503
0.5216919779777527
0.19093136489391327
0.048898253589868546
0.7002518177032471
0.8988472819328308
0.9100756049156189
0.16738513112068176
0.10360594093799591
0.9625908136367798
0.09214465320110321
0.039792660623788834
0.9316027760505676
0.634498655796051
0.9912532567977905
0.9585946798324585
0.9251606464385986
0.9606163501739502
0.05248257890343666
0.18928682804107666
0.34417515993118286
0.44033902883529663
0.9251229166984558
0.9429246783256531
0.9366977214813232
0.4823719561100006
0.8492971658706665
0.12815846502780914
0.1707393079996109
0.1526309847831726
0.055873170495033264
0.6394018530845642
0.739366888999939
0.311741441488266
0.4598449468612671
0.20099779963493347
0.9688426852226257
0.20913192629814148
0.3371084928512573
0.8761217594146729
0.16881678998470306
0.9563213586807251
0.5565073490142822
0.9336642622947693
0.0674787312746048
0.4863615334033966
0.8658312559127808
0.8213460445404053
0.4766177535057068
0.29319971799850464
0.3562627136707306
0.8394408822059631
0.3969440162181854
0.41312238574028015
0.2515449523925781
0.11592856794595718
0.04111136123538017
0.19238638877868652
0.06224263831973076
0.08675748854875565
0.31063762307167053
0.7539687752723694
0.2451227903366089
0.6624011993408203
0.09792227298021317
0.9962677359580994
0.9364187717437744
0.9192560315132141
0.18360790610313416
0.044746823608875275
0.016381412744522095
0.3029578924179077
0.1265183985233307
0.012214643880724907
0.7912983298301697
0.06932497024536133
0.7500242590904236
0.9619665741920471
0.20647591352462769
0.8638810515403748
0.23283307254314423
0.10249368846416473
0.03699786588549614
0.10356149077415466
0.11309906095266342
0.055312540382146835
0.9400057792663574
0.3206247389316559
0.1869705617427826
0.6742381453514099
0.7732093334197998
0.7565894722938538
0.45973506569862366
0.9631041288375854
0.4820038080215454
0.01431930623948574
0.9891616702079773
0.3912642002105713
0.1918002963066101
0.6266794800758362
0.9839240312576294
0.9707345962524414
0.03646450489759445
0.8675904273986816
0.00983781460672617
0.3053456246852875
0.14414271712303162
0.5325390696525574
0.5576509833335876
0.4413207471370697
0.05965058133006096
0.6139252781867981
0.9875665307044983
0.4613390564918518
0.552929162979126
0.2657821774482727
0.7336110472679138
0.10874190926551819
0.9827227592468262
0.7892946004867554
0.7792758941650391
0.053909122943878174
0.8470564484596252
0.325320839881897
0.8349956274032593
0.7884575128555298
0.5962402820587158
0.1923152506351471
0.9600659608840942
0.864233136177063
0.02518286742269993
0.9678760170936584
0.9884170293807983
0.8847923874855042
0.9180132746696472
0.9817724227905273
0.9121173620223999
0.8329419493675232
0.37191465497016907
0.048537999391555786
0.9615824818611145
0.9311176538467407
0.9229710102081299
0.4564376771450043
0.9733820557594299
0.044054701924324036
0.8240900635719299
0.6254997253417969
0.4712422788143158
0.8130932450294495
0.38134509325027466
0.31434154510498047
0.31316208839416504
0.8387200236320496
0.44483044743537903
0.049990490078926086
0.851047933101654
0.7795739769935608
0.12025053054094315
0.6947389245033264
0.7466339468955994
0.7962052226066589
0.1548307090997696
0.26442214846611023
0.9222752451896667
0.3894270360469818
0.8477271199226379
0.07702156156301498
0.23901650309562683
0.8539978265762329
0.621338963508606
0.09180884808301926
0.6297937035560608
0.6886823177337646
0.24561579525470734
0.5535085797309875
0.02612704038619995
0.4668565094470978
0.4314190149307251
0.9133260846138
0.20743852853775024
0.9703441858291626
0.3883092403411865
0.9354547262191772
0.7776064872741699
0.01704849675297737
0.016102321445941925
0.984043538570404
0.47151079773902893
0.20614609122276306
0.6465534567832947
0.7267961502075195
0.16386039555072784
0.5732043981552124
0.8267931938171387
0.840414822101593
0.02133997157216072
0.16851606965065002
0.7965037226676941
0.9704439640045166
0.04994159936904907
0.3328760266304016
0.09592007100582123
0.8631107211112976
0.10580500215291977
0.24778543412685394
0.6532168388366699
0.767000675201416
0.7851442098617554
0.985095739364624
0.06422871351242065
0.3679584264755249
0.15364886820316315
0.22320769727230072
0.1665991246700287
0.9954854846000671
0.0796188935637474
0.6867009401321411
0.9959075450897217
0.6370978355407715
0.7380452752113342
0.7756738662719727
0.13838252425193787
0.8032458424568176
0.28610533475875854
0.03144136443734169
0.9425513744354248
0.8206427097320557
0.43413981795310974
0.5725350975990295
0.9946209788322449
0.9439903497695923
0.2367098480463028
0.04451921582221985
0.9837324619293213
0.9270566701889038
0.9899086952209473
0.3178780972957611
0.7556194067001343
0.1659584492444992
0.40643537044525146
0.3653063178062439
0.18815463781356812
0.9575148224830627
0.44183292984962463
0.7250942587852478
0.9906008243560791
0.9878721833229065
0.915762722492218
0.1726636290550232
0.8865231275558472
0.7047185301780701
Rate of hallucination (threshold = 0.144):
0.17800000000000005