0.99999
1.00000
1.00000
1.00000
1.00000
1.00000
1.00000
1.00000
0.99265
1.00000
0.99994
0.99968
0.01106
1.00000
0.99946
1.00000
1.00000
0.99917
1.00000
0.99895
0.99951
1.00000
0.99990
0.99995
1.00000
0.07673
0.99996
1.00000
0.98840
1.00000
1.00000
0.99999
0.99996
0.00076
1.00000
0.99997
1.00000
1.00000
1.00000
0.99999
0.99999
1.00000
0.99997
0.99999
1.00000
0.63233
1.00000
1.00000
0.99999
1.00000
0.99998
0.99949
1.00000
0.99999
0.99999
1.00000
0.02909
1.00000
1.00000
1.00000
0.99997
1.00000
1.00000
0.99997
0.99999
1.00000
1.00000
0.99993
1.00000
1.00000
0.99999
1.00000
0.00001
1.00000
1.00000
1.00000
1.00000
0.99998
0.99984
1.00000
1.00000
1.00000
1.00000
0.99907
1.00000
-0.00000
0.98841
1.00000
1.00000
1.00000
0.99999
0.00010
1.00000
1.00000
1.00000
1.00000
0.79043
0.99965
1.00000
0.99999
