0.855
1.000
0.042
0.992
0.992
0.980
1.000
0.992
0.996
0.973
0.941
0.992
0.832
0.980
0.934
0.992
0.984
1.000
0.017
0.867
0.801
0.996
0.984
0.980
0.322
0.320
0.973
0.996
1.000
0.992
1.000
0.988
0.980
1.000
1.000
0.816
0.973
0.107
0.984
0.984
0.984
0.652
1.000
0.992
0.992
0.969
0.992
0.992
0.992
0.980
0.183
1.000
0.992
0.992
0.980
0.988
0.992
1.000
1.000
0.977
1.000
0.988
0.992
0.969
0.977
1.000
0.949
0.988
0.984
0.836
0.973
0.992
0.182
0.992
0.996
1.000
0.867
0.949
0.961
0.017
1.000
0.992
0.973
0.973
0.754
0.996
1.000
0.977
1.000
0.797
0.992
0.918
0.934
0.224
0.980
1.000
0.879
1.000
0.984
0.957
0.992
0.183
1.000
1.000
0.977
0.980
0.980
0.977
0.867
0.992
0.007
0.797
1.000
0.992
1.000
1.000
0.992
0.992
0.992
0.992
1.000
1.000
0.969
1.000
1.000
0.980
0.042
0.992
0.980
0.918
0.996
0.934
1.000
0.992
0.992
0.992
0.377
0.010
0.992
0.906
0.992
0.164
1.000
1.000
0.984
0.977
0.965
0.965
1.000
0.973
0.891
0.969
0.980
0.980
0.996
0.980
0.996
0.992
0.992
1.000
0.801
0.914
0.707
0.914
1.000
1.000
0.926
0.594
0.984
0.033
0.980
0.436
0.980
0.054
0.992
0.980
0.992
0.992
0.957
1.000
0.895
0.730
0.730
0.730
1.000
0.076
0.891
0.977
0.988
0.977
0.992
1.000
0.953
0.004
0.996
0.992
0.984
0.984
0.961
0.977
0.980
1.000
1.000
1.000
1.000
1.000
1.000
0.012
1.000
0.957
0.033
0.984
0.085
0.992
0.992
0.973
0.988
0.973
0.941
0.010
0.848
0.992
0.906
0.012
0.965
0.992
0.996
0.961
0.992
0.957
0.992
0.106
0.992
0.984
0.992
0.945
0.980
0.076
0.957
