0.973
1.000
0.992
0.996
0.965
0.992
1.000
0.984
0.992
0.953
0.891
0.012
0.988
0.777
0.202
1.000
0.594
0.996
0.957
0.969
0.148
0.992
0.984
0.119
0.969
0.469
0.953
1.000
0.992
0.992
0.996
0.984
0.977
0.996
0.996
0.992
0.531
0.531
0.977
0.992
0.992
0.996
0.992
0.703
0.085
0.988
0.996
0.992
0.992
0.992
0.965
0.977
0.996
0.867
0.992
1.000
0.012
0.855
0.085
0.984
0.001
0.855
0.042
0.246
0.010
1.000
0.984
0.965
0.855
0.014
0.000
0.980
0.009
0.992
0.992
1.000
0.941
0.707
1.000
0.945
0.992
0.012
0.042
0.009
0.033
0.008
1.000
0.996
1.000
0.006
1.000
0.531
0.980
0.996
0.992
0.988
1.000
1.000
0.988
0.042
0.977
0.992
0.992
0.973
0.992
0.992
0.973
0.469
0.969
0.965
0.042
0.006
0.060
1.000
0.973
0.992
0.977
0.992
0.001
0.009
0.320
1.000
1.000
0.992
0.000
0.977
0.014
0.980
0.076
0.969
0.001
0.996
0.992
0.957
0.996
0.883
0.980
0.969
0.855
0.500
0.977
0.531
0.996
0.980
0.992
0.973
0.977
0.008
1.000
0.922
0.969
0.816
0.895
0.246
1.000
0.945
0.992
0.996
0.992
0.992
0.053
0.164
0.773
0.377
0.980
0.980
0.852
0.500
0.996
0.980
0.965
0.984
0.977
0.068
0.992
0.165
0.996
0.992
0.848
0.996
0.910
0.026
0.996
0.996
0.007
0.855
0.965
0.980
0.973
0.992
0.961
0.980
0.984
0.961
0.922
0.988
0.992
0.037
0.029
0.996
0.797
0.992
0.992
0.992
1.000
1.000
0.934
0.992
0.988
0.004
0.816
0.996
0.293
0.980
0.439
0.033
0.008
0.816
0.797
0.006
0.883
0.992
0.953
1.000
0.855
0.015
0.969
0.945
0.996
0.992
0.992
0.042
0.003
0.469
0.992
0.005
0.095
0.003
0.001
