0.004
0.652
0.408
0.852
0.003
0.012
0.004
0.106
0.957
0.026
0.006
0.012
0.202
0.120
0.015
0.026
0.002
0.754
0.006
0.879
0.048
0.033
0.007
0.008
0.004
0.001
0.014
0.201
0.918
0.531
0.973
0.022
0.350
0.012
0.012
0.469
0.014
0.002
0.268
0.006
0.006
0.973
0.797
0.182
0.133
0.020
0.852
0.004
0.004
0.011
0.002
0.010
0.001
0.001
0.001
0.984
0.973
0.965
0.965
0.941
0.895
0.018
0.003
0.965
0.914
0.988
0.730
0.001
0.832
0.006
0.002
0.004
0.001
0.012
0.007
0.019
0.707
0.020
0.930
0.006
0.973
0.438
0.012
0.224
0.001
0.164
0.531
0.223
0.867
0.002
0.852
0.926
0.879
0.022
0.001
0.320
0.270
0.758
0.013
0.002
0.006
0.002
0.011
0.245
0.001
0.012
0.011
0.076
0.879
0.777
0.004
0.002
0.002
0.026
0.053
0.016
0.006
0.042
0.047
0.018
0.836
0.680
0.707
0.973
0.984
0.060
0.004
0.004
0.883
0.500
0.004
0.797
0.957
0.777
0.594
0.002
0.590
0.621
0.906
0.009
0.016
0.011
0.012
0.006
0.879
0.006
0.224
0.037
0.095
0.047
0.048
0.076
0.007
0.007
0.006
0.003
0.030
0.867
0.002
0.320
0.037
0.004
0.037
0.004
0.201
0.201
0.048
0.002
0.680
0.010
0.004
0.202
0.037
0.002
0.730
0.002
0.002
0.941
0.852
0.895
0.293
0.016
0.003
0.003
0.562
0.018
0.001
0.020
0.048
0.006
0.006
0.016
0.009
0.028
0.730
0.006
0.002
0.024
0.012
0.037
0.053
0.910
0.984
0.992
0.984
0.973
0.984
0.977
0.984
0.969
0.001
0.965
0.000
0.020
0.011
0.004
0.016
0.001
0.005
0.001
0.006
0.001
0.001
0.004
0.004
0.003
0.022
0.003
0.020
0.060
0.019
0.026
0.348
0.007
0.183
0.164
0.005
0.408
0.033
