0.9450216889381409
0.7275412678718567
0.8091723918914795
0.3875785171985626
0.09305204451084137
0.13499726355075836
0.8560965061187744
0.18847621977329254
0.9858613610267639
0.9054598212242126
0.25056594610214233
0.1717541515827179
0.4367140233516693
0.7062798738479614
0.6392290592193604
0.10156995803117752
0.5301514267921448
0.33705517649650574
0.8394213318824768
0.9662038087844849
0.8335832953453064
0.03929675370454788
0.9152108430862427
0.9936979413032532
0.29584264755249023
0.9570916891098022
0.8923344612121582
0.9506354928016663
0.08743781596422195
0.28429457545280457
0.2976337969303131
0.8634905815124512
0.0591234527528286
0.8981881737709045
0.6870672106742859
0.6945875883102417
0.7657808661460876
0.0796755775809288
0.057015836238861084
0.12651197612285614
0.05382436513900757
0.1060682162642479
0.9782508015632629
0.012353331781923771
0.8563822507858276
0.22152924537658691
0.032722845673561096
0.17058086395263672
0.2764764428138733
0.02242123708128929
0.13499604165554047
0.15359777212142944
0.8884224891662598
0.5416952967643738
0.8107655644416809
0.16666506230831146
0.9743040800094604
0.858065128326416
0.060509324073791504
0.10322112590074539
0.11327681690454483
0.3832399845123291
0.7047446966171265
0.15693284571170807
0.08968861401081085
0.9803833961486816
0.00568215548992157
0.06570727378129959
0.0025618940126150846
0.9324991106987
0.7457681894302368
0.563744306564331
0.23587311804294586
0.5616238713264465
0.8555058836936951
0.3976747691631317
0.9966434240341187
0.8803099989891052
0.8764053583145142
0.8207364678382874
0.9975427389144897
0.351150244474411
0.6333739757537842
0.02724212035536766
0.16344910860061646
0.1684512495994568
0.29794368147850037
0.962839663028717
0.08572318404912949
0.9218705892562866
0.2595990002155304
0.6416022181510925
0.3058013916015625
0.1253962367773056
0.6830459237098694
0.21213923394680023
0.09088792651891708
0.23697324097156525
0.01724895089864731
0.06682106107473373
0.05496876314282417
0.035179756581783295
0.5665197968482971
0.8490051627159119
0.053494855761528015
0.09775122255086899
0.04950894042849541
0.9960869550704956
0.013391752727329731
0.5430275201797485
0.03748611733317375
0.024969050660729408
0.24977663159370422
0.16262377798557281
0.954647958278656
0.12025729566812515
0.664200484752655
0.02966729924082756
0.19102847576141357
0.22072440385818481
0.7624109387397766
0.9277833700180054
0.4878053665161133
0.051953960210084915
0.9326466917991638
0.5495744943618774
0.029850132763385773
0.9857701063156128
0.07404820621013641
0.538445234298706
0.39893728494644165
0.9971521496772766
0.43174466490745544
0.750457763671875
0.9936692118644714
0.016459118574857712
0.9319416880607605
0.9233980178833008
0.625295102596283
0.7064159512519836
0.9566401839256287
0.10686688125133514
0.9785817265510559
0.09094459563493729
0.9383490085601807
0.22424617409706116
0.8832312822341919
0.058433402329683304
0.9480090141296387
0.711286723613739
0.2806133031845093
0.5819056034088135
0.9457167387008667
0.1534966230392456
0.2503245770931244
0.06381338089704514
0.07428624480962753
0.02842773124575615
0.006466844119131565
0.710776150226593
0.08942112326622009
0.9953368902206421
0.72855144739151
0.12027696520090103
0.8799349665641785
0.22498731315135956
0.9966682195663452
0.9214090704917908
0.6257597804069519
0.7803259491920471
0.29670241475105286
0.99041748046875
0.9698814153671265
0.8991712331771851
0.9652265310287476
0.8321338295936584
0.9180684685707092
0.07153493165969849
0.8867895603179932
0.8394023180007935
0.6342389583587646
0.8115007281303406
0.17321635782718658
0.80525141954422
0.7435773611068726
0.1037960797548294
0.13432571291923523
0.00293070450425148
0.24236668646335602
0.003854371141642332
0.8891579508781433
0.9167163968086243
0.40366002917289734
0.09226231276988983
0.09484901279211044
0.43758833408355713
0.04222717136144638
0.8927516937255859
0.9413533210754395
0.9319361448287964
0.7805243134498596
0.8560425639152527
0.916104793548584
0.005261431448161602
0.06532687693834305
0.9445327520370483
0.7258202433586121
0.040225718170404434
0.02601715177297592
0.9777846336364746
0.8268895745277405
0.02342653088271618
0.9722749590873718
0.8821858167648315
0.9664841294288635
0.5349793434143066
0.13416321575641632
0.025651048868894577
0.896410346031189
0.12497951835393906
0.07161326706409454
0.7526267170906067
0.7341790795326233
0.9774337410926819
0.9370023012161255
0.007632495369762182
0.09298976510763168
0.6045657992362976
0.4001709818840027
0.14849619567394257
0.9598513245582581
0.977142870426178
0.9880945086479187
0.8647456765174866
0.9378575682640076
0.07401715219020844
0.8951427340507507
0.9163804054260254
0.07384940981864929
0.10500995069742203
0.9960950016975403
0.4963412880897522
0.32586905360221863
0.9884223341941833
0.810748279094696
0.2923659682273865
0.9186250567436218
0.846468448638916
0.9677779674530029
0.0029296372085809708
0.006574743427336216
0.06225121393799782
0.8376427888870239
0.023772966116666794
0.610819399356842
0.05172395333647728
0.05162230506539345
0.009515328332781792
0.9540528059005737
0.09670846909284592
0.7454508543014526
0.2610088586807251
0.9789713621139526
0.9827210307121277
0.5216705799102783
0.9278906583786011
0.030930304899811745
0.8949844837188721
0.7160410284996033
0.17224770784378052
0.9439910650253296
0.9162409901618958
0.03339150920510292
0.6251708269119263
0.4677448272705078
0.8102036714553833
0.41147759556770325
0.10003837198019028
0.030076876282691956
0.6320375204086304
0.8327579498291016
0.15982013940811157
0.08721420913934708
0.9336097240447998
0.08197691291570663
0.819376528263092
0.9477280974388123
0.9319855570793152
0.37365084886550903
0.9833132028579712
0.20448273420333862
0.9336642622947693
0.03470196574926376
0.5677956938743591
0.15311719477176666
0.7910298705101013
0.13956980407238007
0.3368404507637024
0.11536082625389099
0.03963324427604675
0.0715048536658287
0.8831319212913513
0.03443489968776703
0.9905562400817871
0.12428616732358932
0.11343516409397125
0.09746292978525162
0.15199780464172363
0.2304479032754898
0.02491227723658085
0.6201607584953308
0.8380591869354248
0.027491476386785507
0.9962677359580994
0.10657212883234024
0.9526185989379883
0.48647063970565796
0.29705995321273804
0.034202221781015396
0.579434871673584
0.17294199764728546
0.2899819612503052
0.24974553287029266
0.13814105093479156
0.009528513066470623
0.06434005498886108
0.8785927295684814
0.0052040452137589455
0.34165242314338684
0.13590097427368164
0.13124747574329376
0.066252201795578
0.060946688055992126
0.624762237071991
0.10269977152347565
0.014285127632319927
0.24710065126419067
0.2779359221458435
0.0910465195775032
0.04096008464694023
0.12103522568941116
0.9115169644355774
0.06319081783294678
0.09296572208404541
0.9912088513374329
0.9263972043991089
0.6996714472770691
0.8700244426727295
0.9774311184883118
0.2723861634731293
0.054998595267534256
0.9335343837738037
0.07117991149425507
0.4053710401058197
0.156642347574234
0.910830557346344
0.8313902616500854
0.03444121032953262
0.5957860946655273
0.05143102630972862
0.9875665307044983
0.1585676521062851
0.09417121857404709
0.04322146251797676
0.04107164219021797
0.8501406311988831
0.40733110904693604
0.8789063096046448
0.29076841473579407
0.022116651758551598
0.9751202464103699
0.1448148787021637
0.07155507802963257
0.8095861077308655
0.9970350861549377
0.2989136874675751
0.037314001470804214
0.956092357635498
0.011307567358016968
0.9072437882423401
0.9892556071281433
0.1843593269586563
0.9084638953208923
0.9817724227905273
0.06083695963025093
0.9459092020988464
0.7464015483856201
0.014422683976590633
0.1012815609574318
0.9057182669639587
0.9281781911849976
0.6029706597328186
0.9758471846580505
0.19260162115097046
0.8240900635719299
0.34517332911491394
0.0027771799359470606
0.6419481635093689
0.02631920762360096
0.07327719032764435
0.0785970687866211
0.5658015608787537
0.013855969533324242
0.9290038347244263
0.8626163601875305
0.7074876427650452
0.16165703535079956
0.02019982412457466
0.3439767062664032
0.1846187263727188
0.05419140309095383
0.021745942533016205
0.15327754616737366
0.0682070329785347
0.1386190801858902
0.056989748030900955
0.3782661557197571
0.8603001832962036
0.06756591796875
0.09606995433568954
0.4984550476074219
0.04200506582856178
0.9859004020690918
0.477178692817688
0.8678272366523743
0.8483188152313232
0.1882009655237198
0.03920590877532959
0.20743852853775024
0.5832511186599731
0.587108314037323
0.9201886653900146
0.9351518154144287
0.02967657893896103
0.21208377182483673
0.7983354926109314
0.6262683868408203
0.07443564385175705
0.13153034448623657
0.9290089011192322
0.16916526854038239
0.6965258717536926
0.32006579637527466
0.11009571701288223
0.009329484775662422
0.1392330825328827
0.7875335216522217
0.4407033920288086
0.0370318628847599
0.0873829647898674
0.7264150381088257
0.8464993834495544
0.09692052006721497
0.19328027963638306
0.5961140394210815
0.19595234096050262
0.2034536451101303
0.985095739364624
0.5522251725196838
0.07523172348737717
0.2159685641527176
0.3660292327404022
0.1097155511379242
0.9954854846000671
0.34683677554130554
0.2676578164100647
0.9959645867347717
0.35528233647346497
0.6939114332199097
0.841577410697937
0.2103557139635086
0.17047616839408875
0.035326458513736725
0.0850827768445015
0.0905604138970375
0.918067216873169
0.006496635731309652
0.14010894298553467
0.9951919913291931
0.15684907138347626
0.4165027141571045
0.26843133568763733
0.8827738165855408
0.600662887096405
0.07621938735246658
0.5238633155822754
0.8917747735977173
0.4231870174407959
0.2893277704715729
0.28727588057518005
0.18815463781356812
0.21448053419589996
0.4101960062980652
0.7743808031082153
0.9906008243560791
0.9879745841026306
0.8605732917785645
0.04372231289744377
0.9010488390922546
0.042474981397390366
Rate of hallucination (threshold = 0.144):
0.32599999999999996