0.910
1.000
0.977
1.000
0.992
0.996
1.000
1.000
0.984
0.969
0.910
0.934
0.848
0.953
0.934
0.996
0.852
0.988
0.992
0.984
0.934
0.996
0.222
0.992
0.934
0.348
0.965
0.996
0.996
0.992
1.000
0.652
0.996
1.000
1.000
0.984
0.984
0.941
0.984
0.992
0.992
0.996
0.996
0.973
0.980
0.730
1.000
0.980
0.992
0.980
0.377
1.000
0.992
0.941
0.977
0.996
0.973
0.992
1.000
0.992
1.000
0.953
0.934
0.992
0.980
0.992
0.992
0.992
0.996
0.984
0.996
0.992
0.010
0.965
0.996
1.000
0.895
0.019
0.980
0.992
0.992
0.988
0.984
0.969
0.652
0.996
1.000
0.988
1.000
0.029
1.000
0.980
0.992
0.996
0.007
1.000
1.000
1.000
0.980
0.914
0.984
0.053
0.992
0.996
0.906
0.996
0.836
0.980
0.984
0.992
0.406
0.029
1.000
0.996
0.996
0.988
0.984
1.000
0.992
0.996
1.000
0.992
0.022
0.992
1.000
0.996
1.000
0.992
0.973
0.969
0.973
0.965
0.992
0.980
0.980
0.984
0.992
0.969
0.984
0.992
0.914
0.707
1.000
1.000
1.000
0.068
0.941
0.984
1.000
0.973
0.068
0.973
0.957
0.984
0.996
0.965
0.996
1.000
0.934
0.029
0.855
0.797
0.004
0.797
0.969
0.969
0.980
0.953
0.984
0.980
0.992
0.984
0.085
0.879
0.988
0.984
0.996
0.992
0.977
1.000
0.953
0.836
0.992
0.992
1.000
1.000
0.953
0.992
0.992
0.996
0.988
1.000
0.949
0.949
1.000
0.992
0.988
0.992
0.992
0.992
0.992
0.914
1.000
0.992
1.000
0.996
0.996
0.797
0.992
0.730
0.377
0.957
0.988
0.984
0.965
0.980
0.980
0.984
0.867
0.033
0.949
0.918
0.652
0.992
0.012
0.988
0.906
0.945
1.000
0.961
0.996
0.980
0.984
0.980
0.996
0.037
0.408
0.957
0.730
