0.9677996039390564
0.7505552768707275
0.9159047603607178
0.9784687161445618
0.0927109643816948
0.9258233904838562
0.8915172815322876
0.18847621977329254
0.9858613610267639
0.9386133551597595
0.37185630202293396
0.18558037281036377
0.2607819437980652
0.9809087514877319
0.9696664810180664
0.0952950194478035
0.5301514267921448
0.33705517649650574
0.5006728172302246
0.9662038087844849
0.6935219764709473
0.03806036710739136
0.2669600248336792
0.9936979413032532
0.8853897452354431
0.9265381693840027
0.7562739253044128
0.56391841173172
0.1270533800125122
0.08332236856222153
0.018658744171261787
0.436020165681839
0.0591234527528286
0.938109815120697
0.5620839595794678
0.6945875883102417
0.2675987780094147
0.14114725589752197
0.14031854271888733
0.2009638100862503
0.44401049613952637
0.023838810622692108
0.9731793403625488
0.0324334017932415
0.39739108085632324
0.36276593804359436
0.7428657412528992
0.03870780020952225
0.23836210370063782
0.1499634087085724
0.6810157895088196
0.7981557250022888
0.8720770478248596
0.6444960832595825
0.8107655644416809
0.24526537954807281
0.9372864365577698
0.8272317051887512
0.02794502303004265
0.13688690960407257
0.053788378834724426
0.7547215819358826
0.9201187491416931
0.5037173628807068
0.08041422069072723
0.978302538394928
0.9184816479682922
0.0736510306596756
0.991972029209137
0.714188277721405
0.0869998186826706
0.8511472344398499
0.47919854521751404
0.9447131752967834
0.8555058836936951
0.9773088097572327
0.9965875148773193
0.6830768585205078
0.9070272445678711
0.8944824934005737
0.9965071082115173
0.6175504326820374
0.7514273524284363
0.9516387581825256
0.9228010177612305
0.3295257091522217
0.2505114674568176
0.9649821519851685
0.10047400742769241
0.9246853590011597
0.19501644372940063
0.7950350046157837
0.8465514779090881
0.5706828236579895
0.3318053185939789
0.1818132847547531
0.6282577514648438
0.6610537171363831
0.5705528855323792
0.03765415400266647
0.1199759840965271
0.4553764760494232
0.5349750518798828
0.8490051627159119
0.19854116439819336
0.12256904691457748
0.29900485277175903
0.9960869550704956
0.01667613908648491
0.21960902214050293
0.32339972257614136
0.8225844502449036
0.7852365374565125
0.9933549761772156
0.954647958278656
0.7730608582496643
0.9047630429267883
0.01711258850991726
0.1557333916425705
0.27697500586509705
0.9938051700592041
0.07579923421144485
0.13012966513633728
0.009669896215200424
0.9326466917991638
0.796744167804718
0.04935385286808014
0.9850493669509888
0.16379964351654053
0.22222274541854858
0.18421252071857452
0.44233113527297974
0.4260842204093933
0.7648559212684631
0.9968282580375671
0.03726442903280258
0.913353681564331
0.8150585889816284
0.03917578235268593
0.26238715648651123
0.9566401839256287
0.15763552486896515
0.9785990715026855
0.0792950838804245
0.9325652718544006
0.2020600438117981
0.5310877561569214
0.48567405343055725
0.6259299516677856
0.6902459859848022
0.5085002183914185
0.2526785135269165
0.7617642879486084
0.5860463380813599
0.22032342851161957
0.7771390080451965
0.43312007188796997
0.5998523831367493
0.9411112070083618
0.8930205702781677
0.17404614388942719
0.9939824342727661
0.9419189691543579
0.9546554684638977
0.9768611788749695
0.7422834634780884
0.9966682195663452
0.9214090704917908
0.9209215044975281
0.06616906821727753
0.8038814663887024
0.9910992383956909
0.9921148419380188
0.5255376696586609
0.9652265310287476
0.7078009247779846
0.9204990863800049
0.08606980741024017
0.8867895603179932
0.9951212406158447
0.8419952392578125
0.8332427144050598
0.12629227340221405
0.45419037342071533
0.7435773611068726
0.11445645987987518
0.1709587126970291
0.7903413772583008
0.37412363290786743
0.030333438888192177
0.008509781211614609
0.806364119052887
0.28938308358192444
0.9712168574333191
0.45688822865486145
0.6042762398719788
0.1192893534898758
0.823652446269989
0.8466067314147949
0.9242388606071472
0.745853841304779
0.8560425639152527
0.9459457993507385
0.16703413426876068
0.1057811975479126
0.26374343037605286
0.8241657614707947
0.04054311290383339
0.3491624891757965
0.9777846336364746
0.08852183073759079
0.9919815063476562
0.9747504591941833
0.14503291249275208
0.8798627257347107
0.6914627552032471
0.6054765582084656
0.9684720635414124
0.896410346031189
0.20996691286563873
0.9356829524040222
0.6907408237457275
0.7389307618141174
0.8930546045303345
0.3478797376155853
0.3569219410419464
0.9291861653327942
0.6554135680198669
0.6421493887901306
0.6181678771972656
0.9598513245582581
0.9636651277542114
0.9893751740455627
0.5771267414093018
0.9553961753845215
0.7621381878852844
0.8372616767883301
0.6907579302787781
0.014832323417067528
0.21950770914554596
0.9960950016975403
0.4963412880897522
0.7201576828956604
0.9871398210525513
0.5742054581642151
0.07165708392858505
0.8832312226295471
0.8543656468391418
0.9672025442123413
0.5216919779777527
0.05518456548452377
0.048898253589868546
0.7002518177032471
0.8988472819328308
0.9100756049156189
0.16738513112068176
0.08439594507217407
0.06727652996778488
0.971885085105896
0.039792660623788834
0.9316027760505676
0.634498655796051
0.9791512489318848
0.9585946798324585
0.8214688897132874
0.8425326943397522
0.05248257890343666
0.18928682804107666
0.34417515993118286
0.026155861094594002
0.9251229166984558
0.9429246783256531
0.9366977214813232
0.4823719561100006
0.8492971658706665
0.08288925886154175
0.32793939113616943
0.1526309847831726
0.055873170495033264
0.8359683752059937
0.8327579498291016
0.311741441488266
0.4598449468612671
0.2073417752981186
0.9384406208992004
0.20913192629814148
0.3371084928512573
0.8370047211647034
0.16881678998470306
0.9563213586807251
0.26722922921180725
0.9336642622947693
0.0674787312746048
0.4863615334033966
0.7472234964370728
0.8470339775085449
0.4766177535057068
0.29319971799850464
0.3562627136707306
0.8394408822059631
0.3969440162181854
0.41312238574028015
0.19022992253303528
0.9292321801185608
0.06302352249622345
0.19238638877868652
0.06224263831973076
0.03817480802536011
0.2898590862751007
0.7539687752723694
0.2451227903366089
0.6624011993408203
0.30000564455986023
0.9962677359580994
0.9364187717437744
0.9192560315132141
0.6598556637763977
0.3802567422389984
0.016381412744522095
0.3029578924179077
0.1265183985233307
0.012214643880724907
0.7912983298301697
0.06932497024536133
0.7500242590904236
0.9619665741920471
0.20647591352462769
0.08204950392246246
0.23283307254314423
0.10249368846416473
0.13885506987571716
0.10356149077415466
0.023645024746656418
0.05863817036151886
0.9400057792663574
0.7197588682174683
0.1869705617427826
0.6742381453514099
0.7083714008331299
0.7565894722938538
0.45973506569862366
0.9590383768081665
0.13142286241054535
0.01431930623948574
0.9891616702079773
0.9263972043991089
0.9149574041366577
0.6266794800758362
0.9862514138221741
0.9707345962524414
0.03646450489759445
0.8527394533157349
0.020651698112487793
0.394430547952652
0.747157871723175
0.5325390696525574
0.7900159358978271
0.4028155505657196
0.14549541473388672
0.7299978733062744
0.9875665307044983
0.1585676521062851
0.552929162979126
0.7629464268684387
0.7336110472679138
0.10874190926551819
0.9726312160491943
0.7892946004867554
0.7792758941650391
0.04974738508462906
0.8470564484596252
0.5880193710327148
0.8349956274032593
0.7884575128555298
0.9966372847557068
0.5739036798477173
0.8783119916915894
0.864233136177063
0.02518286742269993
0.9678760170936584
0.9884170293807983
0.8589507937431335
0.9084441661834717
0.9817724227905273
0.9121173620223999
0.823188841342926
0.37191465497016907
0.048537999391555786
0.9384491443634033
0.9311176538467407
0.9229710102081299
0.5642954707145691
0.9733820557594299
0.044054701924324036
0.8240900635719299
0.6254997253417969
0.4712422788143158
0.26004505157470703
0.38134509325027466
0.31434154510498047
0.3001093566417694
0.4294508695602417
0.44483044743537903
0.049990490078926086
0.851047933101654
0.7795739769935608
0.12025053054094315
0.6947389245033264
0.7466339468955994
0.7962052226066589
0.1548307090997696
0.26442214846611023
0.9222752451896667
0.3894270360469818
0.8477271199226379
0.07702156156301498
0.23901650309562683
0.8539978265762329
0.621338963508606
0.09180884808301926
0.6297937035560608
0.6575775742530823
0.24561579525470734
0.5535085797309875
0.02612704038619995
0.4668565094470978
0.4314190149307251
0.9133260846138
0.20743852853775024
0.9703441858291626
0.3883092403411865
0.9344525933265686
0.7776064872741699
0.01704849675297737
0.016102321445941925
0.984043538570404
0.44366395473480225
0.06101401522755623
0.6465534567832947
0.7173932790756226
0.16386039555072784
0.5859732031822205
0.8267931938171387
0.840414822101593
0.02133997157216072
0.16851606965065002
0.7965037226676941
0.9704439640045166
0.7868413925170898
0.3328760266304016
0.2225826531648636
0.7340975403785706
0.10580500215291977
0.24778543412685394
0.6532168388366699
0.767000675201416
0.7851442098617554
0.9841381311416626
0.06422871351242065
0.4014902412891388
0.15364886820316315
0.22320769727230072
0.1665991246700287
0.9954854846000671
0.0796188935637474
0.6867009401321411
0.9959645867347717
0.22796475887298584
0.7380452752113342
0.7756738662719727
0.13838252425193787
0.8032458424568176
0.28610533475875854
0.03144136443734169
0.9425513744354248
0.8206427097320557
0.43413981795310974
0.5725350975990295
0.9946209788322449
0.9437061548233032
0.2367098480463028
0.04451921582221985
0.9837324619293213
0.9270566701889038
0.9899086952209473
0.3178780972957611
0.7979134321212769
0.14594119787216187
0.40643537044525146
0.3653063178062439
0.18815463781356812
0.9575148224830627
0.44183292984962463
0.7250942587852478
0.9906008243560791
0.9878721833229065
0.915762722492218
0.1726636290550232
0.8865231275558472
0.7047185301780701
Rate of hallucination (threshold = 0.144):
0.18000000000000005