0.9687338471412659
0.6294125318527222
0.9169977307319641
0.3225734829902649
0.09305204451084137
0.8867804408073425
0.8560965061187744
0.18847621977329254
0.9858613610267639
0.9054598212242126
0.005004126578569412
0.1717541515827179
0.054205816239118576
0.6826968789100647
0.03790323808789253
0.10156995803117752
0.5301514267921448
0.3781163990497589
0.5472590327262878
0.9662038087844849
0.6847167611122131
0.05821070820093155
0.1910177320241928
0.054114263504743576
0.8541957139968872
0.9667546153068542
0.873188853263855
0.9506354928016663
0.15949438512325287
0.17396333813667297
0.2976337969303131
0.3755682110786438
0.0591234527528286
0.07962162047624588
0.3242487609386444
0.6945875883102417
0.6545066237449646
0.040975186973810196
0.2877084016799927
0.12541717290878296
0.08203542232513428
0.020992739126086235
0.9782508015632629
0.027268877252936363
0.841733455657959
0.11875087767839432
0.4404871463775635
0.2766771614551544
0.2764764428138733
0.02242123708128929
0.5525057911872864
0.02806537039577961
0.8884224891662598
0.6444960832595825
0.8107655644416809
0.11324550956487656
0.1656336784362793
0.2193041890859604
0.06168312579393387
0.13688690960407257
0.060051433742046356
0.3832399845123291
0.6081496477127075
0.17060674726963043
0.043690264225006104
0.9803833961486816
0.901740312576294
0.06570727378129959
0.0107460031285882
0.9194561243057251
0.7457681894302368
0.04467329755425453
0.4780957102775574
0.411255419254303
0.8555058836936951
0.48564544320106506
0.9966434240341187
0.8367286920547485
0.9018939137458801
0.6040357947349548
0.9965071082115173
0.3570091128349304
0.642148494720459
0.9577090740203857
0.9262774586677551
0.3295257091522217
0.7747741341590881
0.8206127285957336
0.05249055102467537
0.9218705892562866
0.8721280097961426
0.6416022181510925
0.12019172310829163
0.1253962367773056
0.4578312039375305
0.21213923394680023
0.040054596960544586
0.6896114945411682
0.02312314510345459
0.4968281388282776
0.12760579586029053
0.035179756581783295
0.6413710713386536
0.0029521763790398836
0.08708985894918442
0.08769764751195908
0.03692169860005379
0.9960869550704956
0.018209824338555336
0.5957392454147339
0.026569394394755363
0.5381537079811096
0.2542499303817749
0.6931541562080383
0.954647958278656
0.7666265368461609
0.13322941958904266
0.04428395628929138
0.17843982577323914
0.2874106466770172
0.7624109387397766
0.09953079372644424
0.17200064659118652
0.051953960210084915
0.9326466917991638
0.3345465660095215
0.06679942458868027
0.9857701063156128
0.16379964351654053
0.538445234298706
0.3702578544616699
0.9971521496772766
0.4260842204093933
0.304383248090744
0.9968282580375671
0.05552947148680687
0.9319416880607605
0.9233980178833008
0.023754999041557312
0.6431585550308228
0.9566401839256287
0.2093970626592636
0.980564534664154
0.386076956987381
0.24063409864902496
0.2924887239933014
0.8033506870269775
0.030385708436369896
0.2406623363494873
0.6902459859848022
0.9923416972160339
0.3733540177345276
0.9735440611839294
0.03682293742895126
0.6770383715629578
0.035613641142845154
0.3631729781627655
0.5789318084716797
0.04749162122607231
0.928284764289856
0.16392338275909424
0.9928638339042664
0.72855144739151
0.09083042293787003
0.9768611788749695
0.8709239363670349
0.9966682195663452
0.8820099234580994
0.9051330089569092
0.06616906821727753
0.13334809243679047
0.9901798963546753
0.926466703414917
0.20389601588249207
0.9652265310287476
0.8321338295936584
0.9180684685707092
0.326469749212265
0.8867895603179932
0.8394023180007935
0.4523710012435913
0.7729363441467285
0.058601006865501404
0.09245041757822037
0.7435773611068726
0.05627001076936722
0.05211536958813667
0.014459236524999142
0.37412363290786743
0.006205881014466286
0.8186275362968445
0.7959782481193542
0.4046517312526703
0.9809137582778931
0.033670708537101746
0.43758833408355713
0.037038903683423996
0.8927516937255859
0.9198028445243835
0.9319361448287964
0.7805243134498596
0.8560425639152527
0.916104793548584
0.04940564185380936
0.07090768963098526
0.9617316722869873
0.7258202433586121
0.038301702588796616
0.2881174385547638
0.9777846336364746
0.8099280595779419
0.9915470480918884
0.9747504591941833
0.8661315441131592
0.9514520764350891
0.6516865491867065
0.13416321575641632
0.00460951030254364
0.00990685261785984
0.06119435280561447
0.9730831384658813
0.6907408237457275
0.6495898962020874
0.9774337410926819
0.3934319019317627
0.2820463180541992
0.8211320638656616
0.15656401216983795
0.4001709818840027
0.14632843434810638
0.9598513245582581
0.977142870426178
0.9880945086479187
0.5771267414093018
0.9451695084571838
0.25954586267471313
0.8682084083557129
0.3674551546573639
0.02676917053759098
0.10500995069742203
0.9960950016975403
0.4963412880897522
0.32586905360221863
0.9884223341941833
0.8572480082511902
0.20279788970947266
0.9031904339790344
0.846468448638916
0.9749630689620972
0.5291474461555481
0.026908433064818382
0.06191331148147583
0.7002518177032471
0.022930080071091652
0.0906282290816307
0.04058007895946503
0.06054002046585083
0.9222494959831238
0.8774837255477905
0.03611135110259056
0.7454508543014526
0.7218745946884155
0.9782343506813049
0.9827210307121277
0.4226279854774475
0.9333614706993103
0.06369684636592865
0.18928682804107666
0.452846884727478
0.0319669246673584
0.6857587099075317
0.9162409901618958
0.042878907173871994
0.45441681146621704
0.9925153851509094
0.19149065017700195
0.07992854714393616
0.12035327404737473
0.1617283821105957
0.6727954149246216
0.8327579498291016
0.311741441488266
0.08118370920419693
0.9445494413375854
0.08197691291570663
0.819376528263092
0.9335280060768127
0.9319855570793152
0.5693364143371582
0.8004438281059265
0.6886999011039734
0.030219899490475655
0.03470196574926376
0.5677956938743591
0.04358888790011406
0.04818328469991684
0.13956980407238007
0.08348122984170914
0.007919915951788425
0.6129837036132812
0.2023954689502716
0.9365522265434265
0.3300509750843048
0.009279387071728706
0.3543976843357086
0.07157458364963531
0.07782749831676483
0.04054718837141991
0.27089592814445496
0.7539687752723694
0.6201607584953308
0.6624011993408203
0.5628706812858582
0.9962677359580994
0.6936987042427063
0.9192560315132141
0.23573873937129974
0.8057041764259338
0.07262970507144928
0.579434871673584
0.17294199764728546
0.1652807742357254
0.9331388473510742
0.06932497024536133
0.023153280839323997
0.03929142653942108
0.016431784257292747
0.008179448544979095
0.34165242314338684
0.014002151787281036
0.12087348848581314
0.066252201795578
0.05356409773230553
0.25431936979293823
0.04367762804031372
0.7197588682174683
0.24710065126419067
0.2779359221458435
0.834985077381134
0.028567777946591377
0.7417891025543213
0.9115169644355774
0.021973509341478348
0.0641825869679451
0.985952615737915
0.9263972043991089
0.9378235340118408
0.15835170447826385
0.9759839773178101
0.2723861634731293
0.054998595267534256
0.9335343837738037
0.12244140356779099
0.03047761134803295
0.0564393512904644
0.030535096302628517
0.909421980381012
0.010077597573399544
0.5957860946655273
0.05143102630972862
0.9875665307044983
0.1585676521062851
0.5582503080368042
0.10201036185026169
0.45205116271972656
0.15941078960895538
0.45053601264953613
0.09704537689685822
0.29076841473579407
0.02114129066467285
0.9267841577529907
0.326067715883255
0.11135070770978928
0.7838146090507507
0.9970350861549377
0.2989136874675751
0.037314001470804214
0.8928421139717102
0.04720345512032509
0.9742164015769958
0.2214779257774353
0.1843593269586563
0.916333794593811
0.9817724227905273
0.8282846212387085
0.01681341789662838
0.7464015483856201
0.10017101466655731
0.3685140013694763
0.9517385959625244
0.9341512322425842
0.6029706597328186
0.9496544003486633
0.03433774784207344
0.8240900635719299
0.7158990502357483
0.04313509911298752
0.06575699895620346
0.061074044555425644
0.40426674485206604
0.07162696123123169
0.5658015608787537
0.01098320260643959
0.9187085628509521
0.851047933101654
0.15064863860607147
0.16165703535079956
0.04707084223628044
0.131458580493927
0.7962052226066589
0.04932205006480217
0.22616349160671234
0.8757423758506775
0.3409667909145355
0.882318377494812
0.06521615386009216
0.3782661557197571
0.8603001832962036
0.6108416318893433
0.09180884808301926
0.8483588099479675
0.25266629457473755
0.9859004020690918
0.477178692817688
0.8678272366523743
0.8483188152313232
0.1882009655237198
0.03920590877532959
0.20743852853775024
0.20853066444396973
0.8581980466842651
0.9355994462966919
0.002663595601916313
0.006894245278090239
0.1009613499045372
0.10271832346916199
0.4844520092010498
0.10718350857496262
0.9511500597000122
0.02243788354098797
0.028729984536767006
0.6965258717536926
0.32006579637527466
0.39755234122276306
0.009329484775662422
0.08243554830551147
0.7965037226676941
0.4407033920288086
0.019291263073682785
0.232089102268219
0.6750127077102661
0.873762845993042
0.0439661480486393
0.19328027963638306
0.6467618346214294
0.7224745750427246
0.24329815804958344
0.98005610704422
0.4055301249027252
0.05963345989584923
0.24380765855312347
0.03355685994029045
0.17361250519752502
0.9954854846000671
0.34683677554130554
0.013856882229447365
0.9959645867347717
0.6603268384933472
0.15970495343208313
0.7933799624443054
0.12965767085552216
0.009059878066182137
0.5856289267539978
0.10289222002029419
0.0579906702041626
0.9119707942008972
0.05588560551404953
0.002014558995142579
0.9946209788322449
0.9437061548233032
0.08447638154029846
0.033203210681676865
0.9837324619293213
0.600662887096405
0.08022499829530716
0.06384243816137314
0.8374425768852234
0.04455980286002159
0.051795609295368195
0.34298232197761536
0.2106064260005951
0.21448053419589996
0.370597243309021
0.8034703135490417
0.9906008243560791
0.9744508862495422
0.915762722492218
0.04109775647521019
0.9057676196098328
0.05329857021570206
Rate of hallucination (threshold = 0.144):
0.32599999999999996