0.968
0.751
0.916
0.978
0.093
0.926
0.892
0.206
0.981
0.909
0.372
0.186
0.261
0.981
0.938
0.065
0.530
0.337
0.501
0.966
0.694
0.038
0.218
0.994
0.885
0.927
0.756
0.564
0.127
0.087
0.019
0.436
0.059
0.934
0.189
0.695
0.268
0.141
0.140
0.201
0.444
0.024
0.973
0.032
0.397
0.933
0.743
0.039
0.238
0.150
0.681
0.798
0.872
0.645
0.811
0.245
0.937
0.827
0.157
0.137
0.054
0.755
0.920
0.504
0.089
0.978
0.918
0.074
0.992
0.714
0.087
0.851
0.479
0.945
0.856
0.977
0.997
0.758
0.854
0.894
0.997
0.618
0.751
0.952
0.711
0.330
0.576
0.965
0.100
0.903
0.195
0.795
0.837
0.571
0.332
0.182
0.628
0.661
0.571
0.512
0.010
0.455
0.535
0.849
0.199
0.123
0.299
0.996
0.017
0.220
0.712
0.823
0.785
0.993
0.955
0.792
0.905
0.017
0.148
0.277
0.994
0.076
0.320
0.002
0.933
0.797
0.051
0.986
0.846
0.222
0.184
0.442
0.426
0.804
0.997
0.037
0.913
0.815
0.039
0.262
0.957
0.244
0.979
0.079
0.933
0.137
0.531
0.486
0.632
0.690
0.725
0.237
0.762
0.586
0.220
0.777
0.433
0.600
0.941
0.893
0.174
0.994
0.942
0.955
0.977
0.742
0.997
0.921
0.921
0.066
0.804
0.991
0.992
0.526
0.965
0.708
0.920
0.086
0.887
0.995
0.842
0.833
0.775
0.454
0.744
0.114
0.171
0.790
0.374
0.030
0.011
0.806
0.679
0.971
0.457
0.604
0.312
0.824
0.847
0.924
0.746
0.856
0.946
0.167
0.097
0.264
0.824
0.041
0.895
0.978
0.089
0.992
0.975
0.145
0.880
0.613
0.605
0.968
0.896
0.210
0.936
0.691
0.739
0.893
0.348
0.357
0.929
0.655
0.642
0.618
0.960
0.943
0.989
0.577
0.955
0.762
0.837
0.691
0.025
0.220
0.996
0.496
0.720
0.517
0.574
0.072
0.883
0.854
0.967
0.522
0.113
0.063
0.700
0.899
0.924
0.167
0.084
0.067
0.092
0.040
0.708
0.634
0.979
0.959
0.821
0.961
0.052
0.189
0.344
0.026
0.932
0.917
0.937
0.482
0.849
0.083
0.328
0.153
0.056
0.836
0.967
0.312
0.460
0.934
0.959
0.209
0.337
0.837
0.169
0.956
0.557
0.934
0.067
0.486
0.866
0.847
0.477
0.330
0.356
0.839
0.397
0.413
0.190
0.957
0.108
0.192
0.055
0.038
0.311
0.754
0.245
0.662
0.265
0.996
0.936
0.919
0.170
0.701
0.016
0.303
0.127
0.309
0.791
0.069
0.750
0.962
0.206
0.082
0.049
0.102
0.139
0.104
0.026
0.059
0.940
0.321
0.187
0.674
0.749
0.059
0.460
0.959
0.131
0.014
0.989
0.926
0.915
0.627
0.984
0.971
0.036
0.853
0.098
0.305
0.348
0.533
0.790
0.722
0.145
0.730
0.988
0.461
0.553
0.266
0.734
0.109
0.973
0.789
0.930
0.054
0.847
0.325
0.835
0.788
0.600
0.574
0.878
0.864
0.025
0.968
0.988
0.885
0.908
0.982
0.912
0.833
0.372
0.049
0.962
0.931
0.923
0.564
0.973
0.044
0.824
0.625
0.471
0.813
0.381
0.248
0.313
0.429
0.445
0.050
0.851
0.780
0.120
0.409
0.747
0.796
0.155
0.264
0.922
0.389
0.848
0.077
0.239
0.854
0.621
0.092
0.630
0.648
0.246
0.554
0.026
0.467
0.431
0.913
0.207
0.970
0.940
0.935
0.778
0.007
0.016
0.984
0.472
0.206
0.647
0.717
0.164
0.586
0.827
0.840
0.021
0.169
0.797
0.970
0.050
0.333
0.051
0.734
0.106
0.248
0.609
0.834
0.785
0.984
0.064
0.374
0.154
0.223
0.167
0.995
0.080
0.687
0.996
0.182
0.738
0.776
0.138
0.655
0.286
0.022
0.943
0.821
0.434
0.573
0.995
0.944
0.237
0.045
0.984
0.927
0.990
0.318
0.798
0.147
0.406
0.365
0.188
0.958
0.442
0.725
0.991
0.988
0.916
0.173
0.887
0.705
Rate of hallucination (threshold = 0.144):
0.17799997329711914