0.984
0.201
0.984
0.003
0.777
0.015
0.836
0.988
0.067
1.000
1.000
1.000
0.867
1.000
0.895
0.033
0.076
1.000
1.000
1.000
0.042
0.031
0.961
0.996
0.969
0.003
0.977
0.996
0.621
0.042
0.002
0.984
0.320
0.022
0.037
0.883
0.992
0.980
0.148
0.096
0.879
0.268
0.949
0.855
0.031
0.988
0.005
0.992
0.988
0.996
0.973
0.469
0.348
0.980
0.754
0.707
0.992
0.531
0.408
0.977
0.047
0.183
0.023
0.980
0.406
1.000
0.008
0.270
1.000
0.625
0.020
0.879
0.816
0.977
0.852
0.107
0.001
0.934
0.992
0.758
0.028
0.377
0.320
0.922
0.996
0.020
0.973
0.996
0.033
0.033
0.018
0.836
0.730
0.988
0.988
0.018
0.676
0.906
0.938
0.996
0.676
0.500
0.957
1.000
0.438
0.590
0.018
0.996
0.004
0.961
0.119
0.934
0.730
1.000
0.060
0.527
0.992
0.906
0.134
0.268
0.040
0.973
0.883
0.245
0.867
0.730
0.816
0.996
0.961
0.268
0.268
1.000
0.984
0.969
1.000
0.973
0.996
0.867
0.816
0.996
0.377
0.147
0.996
0.945
0.941
1.000
0.106
0.029
0.165
0.969
1.000
0.406
1.000
0.879
0.002
0.012
0.977
0.977
0.988
0.467
0.015
1.000
0.969
0.984
0.996
0.531
1.000
0.996
0.957
0.019
0.590
0.965
1.000
1.000
1.000
0.467
0.879
0.980
1.000
1.000
0.977
0.992
0.026
1.000
1.000
0.012
0.996
0.914
0.016
0.013
0.076
0.988
0.980
0.996
0.048
0.730
0.165
1.000
1.000
0.992
0.320
0.949
0.996
0.992
0.085
0.531
0.377
0.754
0.957
0.318
0.977
0.182
1.000
0.969
0.992
0.531
0.028
0.980
0.992
0.922
0.992
0.730
0.977
1.000
0.060
0.001
0.855
0.836
0.048
0.559
0.988
0.996
0.996
0.996
0.977
0.085
0.934
0.245
0.005
0.295
1.000
0.988
0.867
0.996
0.914
0.754
1.000
0.977
1.000
0.244
0.037
0.004
0.992
0.996
0.949
0.016
0.018
0.988
0.980
0.060
0.010
0.895
1.000
1.000
0.996
0.965
0.119
0.879
0.988
0.816
0.992
0.182
0.992
0.085
0.010
0.527
0.797
0.973
0.969
0.031
0.973
0.133
0.996
0.996
0.013
0.106
1.000
0.996
0.980
0.938
0.797
0.014
0.009
0.223
0.562
0.902
0.048
0.559
0.023
0.879
0.076
0.797
0.085
0.004
0.095
0.000
0.018
0.023
0.268
0.026
0.469
0.867
0.023
1.000
0.961
0.996
0.033
0.996
0.973
0.562
0.060
0.106
0.934
0.992
0.107
1.000
0.012
0.040
0.797
0.926
0.559
0.005
0.202
0.027
0.996
0.076
0.977
1.000
0.754
0.011
0.996
0.002
0.320
0.223
1.000
1.000
0.992
0.977
1.000
0.988
0.007
0.980
0.024
0.270
0.707
0.988
1.000
0.107
0.559
0.797
0.965
1.000
0.037
0.033
0.957
0.992
0.068
0.879
0.992
0.007
1.000
0.133
1.000
0.992
1.000
0.010
0.914
0.165
0.590
0.590
0.016
0.000
1.000
0.914
0.969
1.000
0.777
0.988
0.992
0.977
0.023
1.000
0.320
0.867
0.977
0.926
0.934
0.085
0.707
0.295
0.977
0.992
0.867
0.009
0.977
0.469
0.992
0.984
0.011
0.996
0.002
0.016
0.245
0.076
0.945
0.988
1.000
0.949
0.406
0.895
0.377
0.042
0.988
0.007
0.988
0.026
0.680
0.977
0.002
0.004
0.969
0.996
1.000
0.001
0.816
0.996
0.852
0.053
0.594
0.984
0.996
0.060
1.000
0.992
0.001
0.068
0.988
0.018
0.953
0.164
0.945
0.934
0.922
0.182
0.201
0.754
0.992
1.000
0.965
0.182
0.562
0.977
0.953
0.969
0.996
0.012
1.000
0.076
0.984
0.906
0.120
0.777
0.652
0.011
0.867
0.224
0.019
0.969
1.000
0.992
0.906
0.707
1.000
0.996
0.961
0.223
0.930
0.020
0.223
0.969
0.042
0.245
0.037
0.223
1.000
1.000
0.945
0.029
0.559
0.969
