0.99999
1.00000
1.00000
0.99999
1.00000
1.00000
0.99999
1.00000
0.55232
1.00000
0.99923
0.77843
1.00000
1.00000
0.99994
0.99999
1.00000
0.99993
1.00000
0.99880
0.99954
1.00000
1.00000
1.00000
1.00000
0.99907
1.00000
0.99897
0.99999
1.00000
1.00000
0.99980
0.99999
1.00000
1.00000
1.00000
1.00000
0.99999
1.00000
1.00000
0.99997
1.00000
0.99999
1.00000
1.00000
0.99986
1.00000
1.00000
0.99998
1.00000
1.00000
0.99988
0.99950
0.99920
0.99999
1.00000
0.00121
1.00000
1.00000
1.00000
0.99995
1.00000
1.00000
1.00000
0.99999
1.00000
1.00000
0.99934
1.00000
1.00000
1.00000
1.00000
0.99909
1.00000
1.00000
1.00000
1.00000
0.99999
1.00000
1.00000
1.00000
0.99999
1.00000
0.99996
1.00000
0.99998
0.98857
1.00000
1.00000
1.00000
1.00000
1.00000
1.00000
0.99996
0.99996
0.99984
0.92202
1.00000
1.00000
0.99948
